Microsoft Kinect SDK
131
15
1
1
-0.09909844 0.2105349 4.340104
-0.1134775 0.3939541 4.349709
-0.1201771 0.5956145 4.339727
-0.2881373 0.3364892 4.32206
-0.3503291 0.1031934 4.307204
-0.3323741 -0.1795556 4.203367
0.05664491 0.3382043 4.345592
0.1306628 0.06207403 4.338544
0.1401846 -0.1633647 4.222952
-0.1571076 -0.03715977 4.287007
-0.2277642 -0.317243 4.156944
-0.3284062 -0.6112021 4.330106
-0.0008586567 -0.03637704 4.290963
0.02794945 -0.3081527 4.12185
-0.0165476 -0.6561118 4.023705
2
1
-0.1002842 0.216256 4.333072
-0.1131304 0.3999674 4.336331
-0.1212425 0.6039305 4.313512
-0.2871661 0.3434967 4.301304
-0.3464306 0.09477288 4.269124
-0.3385228 -0.1736769 4.148622
0.05576156 0.3419803 4.333889
0.1312538 0.06101673 4.333439
0.1405355 -0.1606592 4.221961
-0.1600818 -0.0300569 4.283201
-0.1465453 -0.2805189 4.145173
-0.4655351 -0.4191741 4.241545
-0.003497955 -0.03079924 4.290416
0.003106327 -0.3385245 4.071738
0.006415836 -0.6988258 4.010738
3
1
-0.1057 0.2136227 4.299337
-0.1157588 0.4017907 4.300063
-0.1202461 0.6068428 4.277892
-0.2865721 0.3491146 4.266057
-0.3430109 0.1050873 4.24119
-0.3370805 -0.1544339 4.097957
0.05375782 0.3503746 4.30232
0.1318785 0.0577736 4.315166
0.1489615 -0.1548457 4.220406
-0.1689793 -0.0399731 4.253156
-0.1769899 -0.3258782 4.160987
-0.2725761 -0.6761551 4.128851
-0.01219405 -0.0383772 4.266943
-0.00279492 -0.3198086 4.032408
-0.0004020205 -0.6836514 4.026669
4
1
-0.1081697 0.2249243 4.264751
-0.119162 0.4044102 4.266015
-0.1168233 0.6107337 4.253851
-0.2852297 0.354306 4.230751
-0.3378449 0.1092341 4.185933
-0.3354734 -0.09628096 4.069459
0.05249311 0.3492917 4.265683
0.1314106 0.05521867 4.303657
0.1466851 -0.1583291 4.205847
-0.1700484 -0.01334421 4.216427
-0.2013976 -0.3783908 4.109792
-0.1976743 -0.7149714 4.185582
-0.01482921 -0.01622829 4.228817
-0.007222965 -0.334222 4.01644
0.03303195 -0.6730527 3.981703
5
1
-0.1090867 0.2218285 4.247059
-0.1184809 0.4066672 4.250542
-0.1163711 0.6111054 4.21922
-0.28431 0.3573484 4.201963
-0.3404705 0.1271791 4.151553
-0.3162572 -0.1410767 3.994311
0.05149426 0.3510249 4.243039
0.1291972 0.05185786 4.27806
0.1496485 -0.186732 4.169508
-0.1737866 -0.02877869 4.19058
-0.2049415 -0.3466787 4.085446
-0.2025275 -0.6700755 4.193904
-0.01856151 -0.02941206 4.211614
-0.009698568 -0.3369527 4.010559
0.009293652 -0.7961052 3.917588
6
1
-0.1155191 0.2158633 4.191542
-0.1177838 0.4026761 4.198235
-0.1079204 0.6094541 4.176378
-0.2827657 0.3619634 4.162769
-0.3379664 0.1317707 4.130574
-0.317117 -0.1258823 3.942723
0.05461985 0.3496703 4.207432
0.1310991 0.05236684 4.255767
0.132452 -0.1962219 4.160271
-0.1882954 -0.0331462 4.138451
-0.2006658 -0.3443109 4.090227
-0.1914243 -0.6803411 4.151906
-0.03457583 -0.03909762 4.150242
0.008116256 -0.3956578 3.959983
0.02138345 -0.8515903 3.856464
7
1
-0.1119819 0.2092191 4.167644
-0.1146393 0.4014974 4.174008
-0.1052891 0.6092058 4.156075
-0.275562 0.3602561 4.130223
-0.3337528 0.1283854 4.080785
-0.3066231 -0.1213971 3.897457
0.05823169 0.3470299 4.17282
0.1279352 0.05035437 4.226304
0.1446035 -0.174289 4.159338
-0.1837472 -0.04877852 4.110544
-0.1897871 -0.338287 4.04559
-0.1587487 -0.6819679 4.076559
-0.03048356 -0.05360514 4.127535
-0.01363347 -0.4192756 3.947921
0.01515259 -0.8663502 3.790203
8
1
-0.1079695 0.2045123 4.125766
-0.1108599 0.4024324 4.132524
-0.09669906 0.6083143 4.112851
-0.2727926 0.3583141 4.094561
-0.3316614 0.1315953 4.050275
-0.3095804 -0.0712216 3.886259
0.06210303 0.3456155 4.137897
0.1314751 0.04954852 4.200319
0.1511698 -0.1761565 4.138637
-0.1796991 -0.05982494 4.067653
-0.2008197 -0.3511427 4.046982
-0.19295 -0.683272 4.093818
-0.02655083 -0.06496172 4.089088
0.004116965 -0.4445764 3.946457
0.01256262 -0.8578102 3.704499
9
1
-0.1027285 0.2023567 4.099018
-0.1030438 0.4004377 4.102385
-0.09378012 0.608826 4.098671
-0.2620139 0.3647756 4.05847
-0.3267449 0.1329258 4.021734
-0.3040938 -0.08620899 3.824857
0.06541003 0.3420461 4.109159
0.1364808 0.04658646 4.166296
0.1662525 -0.1817257 4.123398
-0.1774513 -0.05992791 4.047955
-0.2062538 -0.351691 4.018862
-0.216968 -0.6724139 4.079295
-0.02430074 -0.06993938 4.061096
-0.03050079 -0.4505104 3.9136
0.01626964 -0.873289 3.691835
10
1
-0.09632093 0.1965847 4.059647
-0.09469326 0.3941431 4.064399
-0.0797674 0.6056321 4.047883
-0.2575259 0.3584263 4.025382
-0.322177 0.1346852 3.979292
-0.2907738 -0.08906703 3.788991
0.07457791 0.3369125 4.062413
0.142 0.03314973 4.10981
0.1720047 -0.1971907 4.07848
-0.1727243 -0.06592259 4.012363
-0.2088989 -0.3566539 3.985748
-0.1958337 -0.6964849 4.056002
-0.0227766 -0.07330833 4.016312
-0.02610231 -0.4615849 3.898891
0.01414799 -0.8877576 3.686917
11
1
-0.0883322 0.1970836 4.026632
-0.08295007 0.3946002 4.02841
-0.07152012 0.6059607 4.022322
-0.2482099 0.3627037 3.988729
-0.3180867 0.1330754 3.96001
-0.2919175 -0.08506027 3.774424
0.0812381 0.3410484 4.042942
0.1403424 0.0715857 4.073743
0.1652599 -0.2132306 4.047702
-0.1685933 -0.06631786 3.978002
-0.2051728 -0.4677981 3.980582
-0.248031 -0.7959984 4.061797
-0.01958407 -0.07222179 3.989945
-0.0639371 -0.4594395 3.844675
0.01022019 -0.8923833 3.67939
12
1
-0.08128784 0.199432 3.988503
-0.07534918 0.398526 3.994341
-0.05973216 0.6131317 3.9795
-0.2425189 0.3649829 3.95242
-0.312861 0.1356653 3.916472
-0.2839567 -0.09271318 3.735795
0.09219407 0.3403708 3.985649
0.1487665 0.03593678 4.036613
0.1735341 -0.2285087 4.007584
-0.1626826 -0.06734984 3.938666
-0.2044514 -0.4720568 3.92948
-0.217665 -0.7940682 4.036216
-0.01463531 -0.07130904 3.943832
-0.02120857 -0.4111533 3.814397
0.004853832 -0.8579596 3.676605
13
1
-0.07676258 0.205765 3.95879
-0.06887139 0.4052808 3.959502
-0.05173244 0.6185033 3.954452
-0.2322539 0.3741165 3.919451
-0.3113883 0.1395708 3.900113
-0.2827918 -0.0937136 3.733371
0.09708394 0.3431241 3.965547
0.154091 0.03595603 4.009861
0.1801172 -0.2065171 3.967394
-0.159264 -0.06143977 3.906649
-0.1980167 -0.4019554 3.882855
-0.1957072 -0.785535 3.983521
-0.013018 -0.06564616 3.926769
-0.01344405 -0.4037849 3.794999
0.003130106 -0.8580697 3.661042
14
1
-0.06710808 0.2079435 3.92037
-0.06093974 0.4106272 3.926738
-0.04083072 0.6235105 3.908802
-0.2283887 0.3804786 3.888036
-0.3019818 0.1335457 3.867862
-0.2794521 -0.09880123 3.713086
0.1066764 0.3454167 3.911757
0.1599511 0.08255935 3.951037
0.1790417 -0.1910678 3.917074
-0.1494757 -0.06167518 3.875345
-0.1970496 -0.4631961 3.855608
-0.2148137 -0.7977772 3.918397
-0.001211782 -0.07113172 3.872656
-0.009537267 -0.4737326 3.745113
0.002209926 -0.9222875 3.643131
15
1
-0.06123122 0.2151899 3.893138
-0.05277868 0.4176958 3.893953
-0.03496667 0.6254426 3.882006
-0.2263713 0.3881432 3.862603
-0.2972046 0.1408282 3.843329
-0.2800224 -0.0979168 3.711893
0.1101281 0.3542751 3.888196
0.1634689 0.09360483 3.915762
0.1783223 -0.1961177 3.860499
-0.1446753 -0.05726567 3.843879
-0.1673333 -0.4731227 3.814389
-0.2193764 -0.7900875 3.917784
0.002131688 -0.05943077 3.854703
0.01441089 -0.4204153 3.746461
-0.001281242 -0.8751485 3.652655
16
1
-0.05646959 0.2199772 3.867067
-0.04905475 0.4259782 3.869675
-0.02966702 0.6339867 3.849725
-0.2206501 0.3959195 3.834314
-0.2965824 0.139526 3.826587
-0.2830698 -0.1007305 3.698642
0.1175231 0.3627183 3.843621
0.1671257 0.1052843 3.867275
0.1847229 -0.1895097 3.803941
-0.1390911 -0.05656805 3.820194
-0.1798438 -0.3989397 3.758328
-0.1857941 -0.7305944 3.81783
0.007393411 -0.06036037 3.827319
0.006034162 -0.4721398 3.716082
-0.008316985 -0.9174434 3.645459
17
1
-0.05435208 0.2308472 3.825701
-0.04412277 0.4335279 3.823679
-0.02458192 0.6462107 3.814026
-0.2189062 0.4028632 3.805368
-0.2974046 0.1487585 3.797185
-0.285667 -0.1058193 3.682615
0.1190025 0.3679274 3.812905
0.1679543 0.1081876 3.823305
0.1857249 -0.179219 3.73954
-0.1403499 -0.03709456 3.785734
-0.1662815 -0.4575497 3.715631
-0.1818174 -0.8609483 3.938269
0.006035084 -0.04897341 3.787005
0.01260877 -0.4099009 3.690096
-0.005060016 -0.8763831 3.650039
18
1
-0.05298569 0.2325453 3.812546
-0.04450227 0.43653 3.811346
-0.02476197 0.6500359 3.79012
-0.2183144 0.4045667 3.787389
-0.2979907 0.1492246 3.789425
-0.289171 -0.1233669 3.662921
0.1241945 0.3786038 3.782923
0.173252 0.1220433 3.779173
0.1850071 -0.1667151 3.682954
-0.1362337 -0.03477295 3.772689
-0.1736073 -0.3859861 3.666745
-0.1723617 -0.8205174 3.841926
0.009166302 -0.05168051 3.773412
0.008870113 -0.4762903 3.696823
-0.006685331 -0.9170853 3.6506
19
1
-0.05126607 0.2381744 3.773007
-0.04119408 0.4437524 3.770147
-0.02495614 0.6563048 3.756703
-0.2189056 0.4086215 3.756426
-0.2957038 0.1538388 3.769117
-0.2870482 -0.1245047 3.65536
0.1271208 0.3823242 3.743215
0.1770243 0.1241738 3.742697
0.1782742 -0.158998 3.624418
-0.1377438 -0.02869269 3.737019
-0.1695233 -0.385572 3.618993
-0.183251 -0.8400099 3.760735
0.00965164 -0.05061812 3.735996
0.02658162 -0.4780138 3.669934
-0.006507596 -0.9200113 3.632244
20
1
-0.04929845 0.240316 3.748257
-0.03879524 0.4455259 3.743789
-0.02633335 0.6546201 3.721178
-0.2142558 0.4148557 3.72747
-0.2961615 0.1540955 3.750466
-0.3036118 -0.1081866 3.650216
0.125958 0.3888323 3.707852
0.1812405 0.1265729 3.691791
0.1909424 -0.1324932 3.561966
-0.1355619 -0.02648028 3.717273
-0.1751937 -0.3904542 3.589207
-0.1809431 -0.8616994 3.689138
0.009942244 -0.04773063 3.70934
0.02999007 -0.477901 3.664662
-0.04314757 -0.8986512 3.669451
21
1
-0.04802348 0.2442545 3.721079
-0.03534231 0.4501661 3.709294
-0.02938414 0.6572493 3.695451
-0.2148489 0.4185276 3.69887
-0.2992547 0.1521063 3.735003
-0.3052748 -0.09588923 3.642691
0.1253399 0.394489 3.679207
0.1800838 0.1425856 3.67046
0.187157 -0.1085609 3.503421
-0.1364249 -0.02268805 3.699813
-0.1795115 -0.3862029 3.518573
-0.1512724 -0.8593383 3.62174
0.008899681 -0.04555532 3.689531
0.02778296 -0.4781362 3.64994
-0.03384903 -0.8885724 3.660614
22
1
-0.05290848 0.2465325 3.686385
-0.04043964 0.4524471 3.683998
-0.03503329 0.6650317 3.659006
-0.2184367 0.4192746 3.68
-0.2999932 0.1528535 3.715199
-0.3231473 -0.08271866 3.634229
0.1241386 0.4011652 3.640059
0.1844795 0.1657606 3.61964
0.1868083 -0.08437693 3.450734
-0.1417397 -0.02057439 3.64985
-0.1757968 -0.4314113 3.503401
-0.1657476 -0.8920323 3.546456
0.00489677 -0.043846 3.64571
0.02317317 -0.4075761 3.620264
-0.0279225 -0.8958289 3.623607
23
1
-0.0536334 0.2532879 3.661352
-0.04627443 0.4585798 3.65283
-0.03882634 0.6660587 3.619162
-0.2212591 0.4241658 3.649306
-0.2991477 0.1481353 3.681417
-0.3254825 -0.07916356 3.62262
0.1209475 0.4059896 3.613619
0.1914001 0.1843796 3.572801
0.185844 -0.06258263 3.401941
-0.137901 -0.01897169 3.635182
-0.1655873 -0.3882651 3.467941
-0.179431 -0.8836449 3.445119
0.009825589 -0.02852267 3.623273
0.02045872 -0.4019177 3.617443
-0.02206332 -0.8953248 3.62273
24
1
-0.0554959 0.250591 3.626549
-0.04606735 0.4574683 3.62008
-0.04175788 0.6670148 3.593383
-0.2238784 0.4212577 3.611677
-0.3015945 0.1416939 3.661742
-0.3381429 -0.08059644 3.607119
0.1174623 0.4037296 3.57007
0.1894363 0.1842652 3.538121
0.1824303 -0.03740852 3.359122
-0.1409373 -0.01650229 3.601134
-0.1682205 -0.3709707 3.456737
-0.1837195 -0.8563086 3.326421
0.005445999 -0.0422965 3.588679
0.02005276 -0.4061294 3.600933
-0.01915171 -0.9026574 3.628534
25
1
-0.05743073 0.2494923 3.594949
-0.04786227 0.4562252 3.586778
-0.05081868 0.6661636 3.553591
-0.2276151 0.4178534 3.581236
-0.3102858 0.148827 3.630858
-0.3531229 -0.08877472 3.583806
0.1144494 0.4040405 3.540918
0.1903711 0.1875338 3.498662
0.1800268 -0.01713958 3.336117
-0.1435201 -0.01649126 3.569517
-0.1689789 -0.3706617 3.455273
-0.1782083 -0.8336106 3.253596
0.004167282 -0.04409599 3.559321
0.01882439 -0.4030133 3.589508
-0.01896823 -0.9022003 3.627649
26
1
-0.06427414 0.2422036 3.545826
-0.05750787 0.4500152 3.541311
-0.05753316 0.6627471 3.520375
-0.2342335 0.4122595 3.535683
-0.3155171 0.1354745 3.59567
-0.3593002 -0.1026824 3.55002
0.1085842 0.3995694 3.498046
0.1822675 0.182751 3.455225
0.1765562 -0.005240937 3.279007
-0.1466917 -0.02888586 3.516542
-0.1692527 -0.3571515 3.4293
-0.1911404 -0.782065 3.140282
0.002334509 -0.04856817 3.508889
0.0188384 -0.3965798 3.554896
-0.01706555 -0.8969485 3.625086
27
1
-0.06854893 0.240927 3.51859
-0.06301384 0.4470574 3.513345
-0.06487925 0.6585327 3.471784
-0.2393873 0.4096854 3.501995
-0.3246387 0.1282437 3.55501
-0.3689403 -0.1222939 3.524872
0.1036704 0.397734 3.471319
0.1771752 0.1819705 3.422834
0.1713706 -0.008898829 3.230941
-0.1508449 -0.03974422 3.485686
-0.1619508 -0.3600006 3.372533
-0.1891186 -0.7835681 3.0739
-0.0001260593 -0.03597342 3.477055
0.01490842 -0.3948222 3.52882
-0.02259164 -0.8870277 3.612624
28
1
-0.07320657 0.2364124 3.47637
-0.06804922 0.4431534 3.470855
-0.07306433 0.6535613 3.439631
-0.2486065 0.3993382 3.460948
-0.3287447 0.1188235 3.526372
-0.3671687 -0.1269753 3.484517
0.09348513 0.3943291 3.426766
0.1715316 0.1793315 3.386158
0.1684062 -0.005727225 3.202008
-0.1544438 -0.03469586 3.446393
-0.1590201 -0.3477175 3.317907
-0.1861392 -0.8044146 3.064849
-0.003852207 -0.05162084 3.440815
0.01566796 -0.3868153 3.494322
-0.02356473 -0.8866022 3.609312
29
1
-0.08039897 0.238749 3.44669
-0.07954431 0.4430362 3.443753
-0.0801639 0.6519269 3.412325
-0.2560276 0.400291 3.43374
-0.340044 0.1217259 3.473377
-0.375102 -0.1468825 3.453667
0.08930555 0.3936728 3.409142
0.1610124 0.1779074 3.360178
0.1690057 0.003623254 3.197045
-0.1562305 -0.02796203 3.410305
-0.1670999 -0.3339524 3.257396
-0.1783989 -0.8158923 3.052918
-0.004457266 -0.04651533 3.403751
-0.001281323 -0.4587686 3.49164
-0.02234611 -0.9021702 3.601558
30
1
-0.09122947 0.2414606 3.407802
-0.0915704 0.4482218 3.40661
-0.0945809 0.6557084 3.374244
-0.2709047 0.3994846 3.392358
-0.3404619 0.1192745 3.442796
-0.3778504 -0.15319 3.417956
0.07844046 0.3930778 3.364143
0.150034 0.175532 3.332427
0.1557216 -0.01734507 3.132622
-0.1633378 -0.02841945 3.377832
-0.1785292 -0.3347139 3.233125
-0.1679172 -0.8293988 3.064583
-0.01525501 -0.04877315 3.360712
-0.004709267 -0.4659313 3.443742
-0.03012426 -0.8165419 3.582549
31
1
-0.09869176 0.2463708 3.362254
-0.1008395 0.4517198 3.365442
-0.1039897 0.6597844 3.337419
-0.2762007 0.4024391 3.356901
-0.343795 0.1212462 3.393744
-0.3756551 -0.1499918 3.366892
0.06843651 0.4023308 3.334301
0.1347732 0.1837273 3.297105
0.1542817 -0.01684445 3.127548
-0.1697599 -0.02253762 3.320794
-0.1701275 -0.3362958 3.179343
-0.1636524 -0.7937204 3.060436
-0.0184148 -0.04154634 3.316597
-0.01337094 -0.4622857 3.387723
-0.01809909 -0.7959077 3.560638
32
1
-0.1044201 0.2523651 3.338364
-0.1072312 0.4597006 3.341154
-0.1119629 0.6689168 3.296458
-0.285703 0.4113516 3.31724
-0.3477749 0.1310552 3.351476
-0.377173 -0.1264205 3.310277
0.06339228 0.4156 3.307647
0.1264552 0.1873777 3.274447
0.1469101 -0.02032076 3.108013
-0.1746494 -0.02132146 3.292945
-0.1851502 -0.3317228 3.142843
-0.1843812 -0.8414483 3.036247
-0.02455429 -0.03542408 3.291253
-0.02235722 -0.4641508 3.326635
-0.01805656 -0.8923656 3.550862
33
1
-0.1121948 0.2629903 3.300881
-0.1140631 0.4705527 3.305928
-0.1196781 0.6764122 3.270606
-0.2911573 0.4206371 3.285336
-0.3478605 0.1496466 3.303566
-0.3777048 -0.1250825 3.259517
0.05849977 0.4219118 3.276407
0.1196438 0.1859327 3.253788
0.139557 -0.02915589 3.087423
-0.1820582 -0.01416111 3.255694
-0.1838911 -0.3312066 3.134705
-0.1773435 -0.8379465 3.007426
-0.03427728 -0.02335281 3.251411
-0.05182636 -0.4571306 3.261219
-0.01992396 -0.8583009 3.488387
34
1
-0.1161908 0.272841 3.268981
-0.1183115 0.4790072 3.274266
-0.1246016 0.6862823 3.232297
-0.2982526 0.4261166 3.24879
-0.3555941 0.1570268 3.26528
-0.3647417 -0.1286673 3.181413
0.05649261 0.4279372 3.253767
0.114155 0.1836399 3.232419
0.1320532 -0.04481821 3.071659
-0.1853172 -0.00748702 3.225176
-0.1911337 -0.3268061 3.105778
-0.1947731 -0.7593561 3.009794
-0.03862454 -0.0051446 3.214145
-0.0293462 -0.3450383 3.138512
-0.004245765 -0.7799399 3.407265
35
1
-0.1209638 0.2768833 3.244374
-0.1252595 0.4834454 3.246996
-0.1276014 0.6902313 3.212513
-0.3000674 0.4368227 3.214051
-0.3573298 0.1699105 3.213749
-0.3633064 -0.0923629 3.134562
0.05338557 0.433368 3.230149
0.112519 0.1886554 3.217723
0.1205585 -0.06425824 3.061031
-0.1888475 -0.002060122 3.195928
-0.1954955 -0.3264046 3.09176
-0.1699656 -0.8342869 3.019418
-0.03949525 -0.004040949 3.201224
-0.03364069 -0.3332502 3.079964
0.008645155 -0.7718467 3.341052
36
1
-0.1254816 0.2866481 3.206446
-0.1286956 0.4920452 3.217446
-0.132848 0.6994833 3.175097
-0.2997668 0.4414937 3.182986
-0.3610688 0.1777548 3.175905
-0.3640962 -0.08168194 3.072077
0.04826767 0.4423219 3.205704
0.1111833 0.1912209 3.204657
0.1205214 -0.06433889 3.061027
-0.1938107 0.006167696 3.144734
-0.2070948 -0.3343391 3.068772
-0.1675521 -0.8402444 3.031807
-0.04526118 0.007999857 3.156409
-0.03089866 -0.3244313 3.03867
-0.007863563 -0.7666719 3.296282
37
1
-0.1291142 0.2893856 3.186292
-0.1331142 0.4968457 3.187743
-0.1329589 0.7035003 3.151181
-0.3028881 0.4486715 3.148026
-0.3650852 0.1978367 3.121971
-0.3577535 -0.07646827 3.015456
0.0463389 0.445199 3.178881
0.1096201 0.1960532 3.186304
0.1201065 -0.0642563 3.060535
-0.1963861 0.007410972 3.13462
-0.2157171 -0.3324815 3.05513
-0.2031703 -0.8500578 2.995605
-0.04789038 0.008678226 3.14531
-0.02616408 -0.3527352 2.978433
-0.008009459 -0.8174999 3.195901
38
1
-0.1337984 0.2945012 3.155118
-0.1374353 0.5015473 3.161334
-0.1340445 0.7084445 3.117696
-0.3018727 0.4563105 3.121599
-0.3638709 0.2038278 3.096586
-0.3560847 -0.06240089 2.95688
0.04517052 0.4499065 3.16341
0.1088702 0.1962298 3.177345
0.1176685 -0.06710778 3.057521
-0.2003306 0.0117341 3.100975
-0.2168743 -0.3252832 3.045196
-0.1679896 -0.8347676 3.033186
-0.05332483 0.01371243 3.112425
-0.02805768 -0.3979243 2.942807
-0.01787954 -0.8685758 3.115232
39
1
-0.134977 0.2969058 3.118764
-0.1372883 0.5045689 3.119007
-0.1353185 0.7121896 3.090774
-0.3013662 0.4604853 3.078502
-0.3597592 0.2073921 3.043889
-0.3531807 -0.04334825 2.906116
0.0460825 0.4509464 3.123048
0.1081875 0.194109 3.157149
0.1181565 -0.06172366 3.055933
-0.2026112 0.01450277 3.066115
-0.222391 -0.4140731 3.015404
-0.165372 -0.8436813 3.021462
-0.05690604 0.01476162 3.084296
-0.02949803 -0.3882292 2.890945
-0.05214477 -0.8658931 3.015578
40
1
-0.1356478 0.2964305 3.100304
-0.1370557 0.5047941 3.104204
-0.1341079 0.7131277 3.06491
-0.3009149 0.4625516 3.059746
-0.3588943 0.2145232 3.018263
-0.3445569 -0.03713977 2.864498
0.04345096 0.4568526 3.104182
0.1065967 0.1952784 3.142358
0.1197125 -0.06699555 3.049944
-0.2046149 0.01363263 3.046772
-0.230853 -0.3249776 2.99019
-0.1364148 -0.8405862 2.957057
-0.05949755 0.0120847 3.059725
-0.03755479 -0.3865424 2.852269
-0.1027518 -0.8762892 3.001883
41
1
-0.136683 0.2973232 3.066445
-0.1383746 0.5066207 3.066933
-0.1330231 0.7165688 3.030641
-0.299812 0.4658092 3.019175
-0.35526 0.2258369 2.983239
-0.3439353 -0.01623729 2.800686
0.0409819 0.4594349 3.077452
0.1044346 0.1948306 3.124421
0.1222417 -0.0677503 3.046873
-0.205542 0.01460799 3.015688
-0.2350276 -0.3229372 2.982932
-0.1812061 -0.8450865 3.010541
-0.05972195 0.0108303 3.032247
-0.04101412 -0.392998 2.834359
-0.1389118 -0.8820304 2.986257
42
1
-0.1349381 0.2955251 3.033947
-0.1355242 0.5052823 3.036376
-0.1300243 0.7165424 3.001238
-0.2976367 0.4657679 2.993721
-0.3520242 0.2290562 2.946309
-0.3388214 -0.001361968 2.747972
0.03979873 0.4579036 3.037259
0.1045361 0.1893526 3.090096
0.128214 -0.06604524 3.032861
-0.2060418 0.01254039 2.980403
-0.2362188 -0.3208156 2.971256
-0.1374211 -0.7746897 3.017836
-0.05881137 0.007690804 2.997497
-0.04080706 -0.3955768 2.794656
-0.0135473 -0.8527001 2.663823
43
1
-0.1345709 0.2954143 3.011159
-0.134578 0.5053788 3.015267
-0.1279902 0.7155305 2.980361
-0.2974061 0.4658065 2.968498
-0.3503066 0.2295778 2.915747
-0.3388301 0.01194357 2.74165
0.04180177 0.4595543 3.023472
0.104368 0.1878526 3.078117
0.1312258 -0.06861514 3.021642
-0.2067709 0.01215168 2.95752
-0.2473085 -0.3085784 2.930432
-0.2423787 -0.6920827 2.979254
-0.05881085 0.007148587 2.970054
-0.05000677 -0.403333 2.781346
-0.01159895 -0.8352483 2.575925
44
1
-0.1341582 0.2916511 2.976112
-0.1317004 0.5039321 2.979053
-0.1212267 0.714292 2.949827
-0.2915761 0.4674856 2.936668
-0.3477277 0.2310228 2.887081
-0.3402099 0.06314339 2.716757
0.04644419 0.4583486 2.988675
0.1049784 0.1840596 3.046337
0.1366198 -0.08509018 2.999732
-0.2113367 0.000989593 2.922461
-0.2474922 -0.3179272 2.923627
-0.1823713 -0.8124038 2.933735
-0.05979981 0.004341836 2.937068
-0.05621708 -0.4052887 2.745751
-0.0213669 -0.8523278 2.499634
45
1
-0.1320879 0.2925187 2.947729
-0.1280558 0.5030695 2.952989
-0.1148167 0.7128365 2.91835
-0.2874036 0.4676672 2.909021
-0.3467922 0.2350179 2.860267
-0.3283418 0.03679693 2.652332
0.05090787 0.4526898 2.961896
0.1068048 0.1849358 3.018585
0.1392761 -0.0892285 2.98237
-0.2119742 0.009520343 2.891924
-0.2272375 -0.4255563 2.901072
-0.172592 -0.8055884 2.943878
-0.05969482 0.002630457 2.904723
-0.05755005 -0.409792 2.720628
-0.0237363 -0.7471735 2.520773
46
1
-0.126663 0.2899453 2.910744
-0.1243873 0.5004065 2.920402
-0.1091077 0.7115765 2.887433
-0.282406 0.4656688 2.872514
-0.3448522 0.2350857 2.835745
-0.3287422 0.05069832 2.648699
0.0563707 0.4491785 2.925464
0.1182788 0.1582078 2.983598
0.1429628 -0.09099041 2.948786
-0.2015355 0.004124216 2.845279
-0.2174698 -0.4295672 2.865434
-0.1630698 -0.8061054 2.928345
-0.05363993 0.002522477 2.866143
-0.05769416 -0.4123183 2.688602
-0.03632042 -0.8497776 2.489377
47
1
-0.1225307 0.2900815 2.883051
-0.1186334 0.5015934 2.889746
-0.1006463 0.7113433 2.854065
-0.2775795 0.4653211 2.847234
-0.3406622 0.2339451 2.803919
-0.3285499 0.05564441 2.63571
0.06094886 0.4482561 2.897521
0.1178307 0.1777391 2.951756
0.147488 -0.1025831 2.917018
-0.2011327 0.005351023 2.824705
-0.2189979 -0.4280433 2.846782
-0.1648892 -0.801273 2.924706
-0.04994484 -0.001357522 2.83867
-0.06372391 -0.4145924 2.65706
-0.028836 -0.7747702 2.505034
48
1
-0.1147656 0.2889937 2.852338
-0.1091425 0.5036988 2.860264
-0.09135608 0.7134502 2.830322
-0.2701798 0.4689268 2.818335
-0.3382924 0.2317246 2.786395
-0.3099748 0.01508788 2.564493
0.0671461 0.4470513 2.86426
0.12299 0.1673576 2.911301
0.1518376 -0.1025803 2.871268
-0.1925179 0.000714071 2.790159
-0.217673 -0.4314012 2.818064
-0.1879004 -0.9490017 2.93929
-0.0483402 -0.007811234 2.808328
-0.06011796 -0.4235625 2.63378
-0.03435607 -0.7898546 2.496275
49
1
-0.1069203 0.2934995 2.816945
-0.1008053 0.5096332 2.824836
-0.08273381 0.7166001 2.794298
-0.2649184 0.4722886 2.789259
-0.3361163 0.2349902 2.76122
-0.3099749 0.01483423 2.564344
0.07378947 0.4520659 2.830679
0.1289725 0.1693477 2.874286
0.1561081 -0.0941449 2.829846
-0.184667 0.0003500512 2.756379
-0.1511256 -0.4359545 2.688854
-0.2060545 -0.8854173 2.931649
-0.04246645 -0.002258653 2.772827
-0.05425239 -0.4196217 2.602645
-0.03636711 -0.7937034 2.493917
50
1
-0.1016091 0.298413 2.788865
-0.09661505 0.5129371 2.801007
-0.07664636 0.7217395 2.767111
-0.2607644 0.4804237 2.759186
-0.3338303 0.2402616 2.738055
-0.3099767 0.01280213 2.562568
0.07979921 0.4552547 2.800941
0.1309711 0.1823988 2.828848
0.159075 -0.09706899 2.779446
-0.1764064 0.01027919 2.721349
-0.1552966 -0.4278853 2.676572
-0.2066813 -0.885875 2.930746
-0.03668093 0.00245153 2.738505
-0.04876521 -0.4178003 2.577075
-0.04545928 -0.8425482 2.463963
51
1
-0.09564609 0.3026616 2.763764
-0.09015645 0.5170933 2.774325
-0.07196086 0.7287826 2.739436
-0.257262 0.4871664 2.740556
-0.3318853 0.2419252 2.719984
-0.3106774 0.002748317 2.550535
0.08490571 0.4614392 2.771553
0.1343514 0.1929802 2.79757
0.158607 -0.09050073 2.726712
-0.1725752 0.01279312 2.700724
-0.1921995 -0.4252616 2.653576
-0.2054975 -0.8759007 2.883745
-0.0305084 0.007730005 2.715095
-0.04347982 -0.4158996 2.565089
-0.04571195 -0.8426279 2.463861
52
1
-0.09094208 0.3078457 2.737182
-0.08743133 0.5223885 2.751415
-0.06905954 0.7318282 2.716923
-0.2567634 0.4919264 2.71921
-0.3310539 0.2438402 2.704753
-0.3113202 -0.0039513 2.544949
0.08815201 0.4638979 2.739991
0.1384208 0.1954882 2.754606
0.1592483 -0.07833197 2.672025
-0.1668712 0.01736716 2.669286
-0.2013802 -0.4192451 2.606379
-0.2052844 -0.8738654 2.867604
-0.02063539 0.01261799 2.681751
-0.04286756 -0.4168134 2.557008
-0.04593031 -0.8432808 2.462687
53
1
-0.0904711 0.3123886 2.714532
-0.08415578 0.5267993 2.72767
-0.06485361 0.7363491 2.691373
-0.25692 0.4954085 2.702573
-0.3295355 0.2415937 2.684384
-0.3145314 -0.02048249 2.537894
0.0905383 0.4725724 2.713593
0.1423517 0.2008541 2.72139
0.1587823 -0.06280516 2.619292
-0.1696691 0.02246952 2.651266
-0.2099244 -0.4110031 2.558642
-0.2047847 -0.8616018 2.816376
-0.02471559 0.01668417 2.657927
-0.03687033 -0.4146722 2.54023
-0.04686709 -0.7955266 2.469103
54
1
-0.09018141 0.3171436 2.688249
-0.08198807 0.5322662 2.699504
-0.06408164 0.7433037 2.667031
-0.2579214 0.5001163 2.677123
-0.3284858 0.2434105 2.671638
-0.3191508 -0.02826936 2.533149
0.09192573 0.4774933 2.680784
0.1436225 0.2055248 2.6784
0.1546239 -0.04988961 2.56656
-0.1721349 0.02711301 2.62951
-0.2113977 -0.4059371 2.532065
-0.21582 -0.8677248 2.751828
-0.0267443 0.01950351 2.632704
-0.02696626 -0.4137309 2.523921
-0.04962835 -0.8407668 2.460205
55
1
-0.09061696 0.322609 2.668613
-0.0830376 0.5375495 2.680329
-0.06452409 0.750387 2.641069
-0.2587115 0.5027026 2.661739
-0.3283436 0.2407753 2.655789
-0.3292353 -0.02777047 2.531414
0.0918541 0.4850211 2.658039
0.1427232 0.2221963 2.650702
0.1518186 -0.03487642 2.515781
-0.171696 0.03285032 2.610696
-0.2089117 -0.3955684 2.484812
-0.2042901 -0.83297 2.667876
-0.02678184 0.02484793 2.611399
-0.02219701 -0.4103799 2.514987
-0.05174011 -0.7919216 2.46643
56
1
-0.0901508 0.3282641 2.642046
-0.081405 0.5436431 2.655005
-0.06620482 0.7563457 2.611707
-0.2581042 0.5093671 2.635586
-0.3266345 0.2421489 2.640249
-0.3395465 -0.0232071 2.529471
0.09216627 0.4966725 2.622013
0.1428697 0.2352415 2.616481
0.1511058 -0.016456 2.466953
-0.1728254 0.03825259 2.583577
-0.2088426 -0.3910593 2.460726
-0.2024036 -0.8239484 2.564274
-0.0282143 0.02921142 2.581764
-0.02081224 -0.4086213 2.508183
-0.05164118 -0.8404012 2.458854
57
1
-0.08994124 0.3335783 2.619401
-0.07933796 0.5504747 2.62789
-0.06846076 0.7606572 2.59054
-0.2589525 0.5158287 2.615438
-0.3272328 0.2434897 2.626781
-0.3496481 -0.01863835 2.523516
0.09163215 0.4998821 2.600259
0.1434321 0.2438167 2.581916
0.1536018 0.01012493 2.429564
-0.1746247 0.04199261 2.566807
-0.2065603 -0.3818629 2.418743
-0.18307 -0.7504821 2.502639
-0.02989651 0.03240886 2.563988
-0.01946231 -0.4058892 2.496018
-0.05580534 -0.7853977 2.461929
58
1
-0.09109897 0.3356814 2.596609
-0.08077623 0.5526389 2.606593
-0.07062376 0.7654501 2.566182
-0.2599869 0.51899 2.591669
-0.329279 0.2470711 2.610567
-0.3582668 -0.01551534 2.518074
0.09124024 0.5049062 2.570332
0.1433352 0.2544898 2.551843
0.1538411 0.02677292 2.390059
-0.1752227 0.04373779 2.545766
-0.2031937 -0.3791618 2.392752
-0.2116917 -0.7587888 2.406482
-0.03141187 0.03395344 2.537243
-0.01967958 -0.4051989 2.484883
-0.05713718 -0.7835726 2.457328
59
1
-0.0914997 0.3373139 2.570661
-0.08193911 0.5549783 2.577547
-0.07451901 0.7670742 2.536074
-0.2616081 0.5204299 2.565707
-0.3329861 0.2484387 2.588028
-0.3655141 -0.01649895 2.509492
0.08832368 0.5079418 2.538412
0.1438734 0.261395 2.514644
0.1555803 0.05302744 2.356508
-0.1758859 0.04394355 2.520515
-0.2039125 -0.3731688 2.348279
-0.2231228 -0.7506918 2.302036
-0.03007841 0.03506071 2.517677
-0.01920049 -0.4043758 2.474073
-0.05804441 -0.7815188 2.452524
60
1
-0.09289129 0.3378046 2.551085
-0.08391579 0.5558115 2.555176
-0.07705231 0.7693591 2.517657
-0.2636072 0.521463 2.545714
-0.3377026 0.2505469 2.575145
-0.373564 -0.01663424 2.502371
0.08725924 0.511485 2.522959
0.146038 0.2706787 2.493614
0.1532321 0.06454354 2.337739
-0.1766422 0.0427764 2.507077
-0.2032601 -0.3753478 2.337526
-0.2254948 -0.7399492 2.227451
-0.03047039 0.03638779 2.499579
-0.01820991 -0.403047 2.468175
-0.05815978 -0.7787622 2.448468
61
1
-0.09511774 0.3365796 2.525255
-0.08686284 0.5550373 2.530977
-0.08181313 0.7670989 2.490974
-0.2682358 0.5204913 2.518029
-0.3459051 0.2514631 2.551937
-0.3797122 -0.0184215 2.492779
0.0846871 0.51103 2.497716
0.1444118 0.2730824 2.46563
0.1499085 0.07998654 2.30451
-0.1783276 0.03944764 2.475681
-0.2024688 -0.3804809 2.311094
-0.2253745 -0.7264186 2.148328
-0.03089198 0.03542953 2.475503
-0.01709478 -0.4035479 2.457922
-0.05934232 -0.779075 2.445729
62
1
-0.09983452 0.3337311 2.501551
-0.0918851 0.5534675 2.507251
-0.08597372 0.7669038 2.472445
-0.2721791 0.5178715 2.493539
-0.3526868 0.2488234 2.528671
-0.3874915 -0.02476615 2.470492
0.08073483 0.5083207 2.469131
0.1411964 0.2757902 2.446209
0.1481393 0.08867602 2.28373
-0.1817287 0.03483102 2.452881
-0.202188 -0.3860128 2.290517
-0.2359398 -0.8221039 2.063436
-0.035983 0.03089781 2.450972
-0.01705121 -0.4071142 2.44549
-0.06069592 -0.7813678 2.441455
63
1
-0.1045639 0.3313837 2.476793
-0.09748171 0.5516507 2.483394
-0.09406216 0.7662743 2.446725
-0.2785909 0.5138223 2.467188
-0.3573237 0.244795 2.505437
-0.3891479 -0.03172921 2.45225
0.07599599 0.5061128 2.449925
0.1350459 0.2706563 2.420789
0.1442262 0.09026994 2.255299
-0.1853383 0.03139439 2.426405
-0.2034464 -0.3901286 2.265737
-0.2124146 -0.7206029 2.072659
-0.03920271 0.0280853 2.425511
-0.01663575 -0.4090143 2.428735
-0.05995533 -0.7826864 2.438778
64
1
-0.1092138 0.3291933 2.451478
-0.1047413 0.5496678 2.457135
-0.09919552 0.7637343 2.424442
-0.2851316 0.5080491 2.439137
-0.3653416 0.2357275 2.472113
-0.3909171 -0.03744463 2.427948
0.06948088 0.5047805 2.427586
0.1301787 0.273031 2.396008
0.1393671 0.08555409 2.233212
-0.1864845 0.02857389 2.402467
-0.202043 -0.3921769 2.238706
-0.2127121 -0.7343866 2.068584
-0.04066205 0.02591001 2.400829
-0.01706443 -0.4105637 2.409812
-0.06033326 -0.7826153 2.438262
65
1
-0.1149222 0.328163 2.426413
-0.1125318 0.5488874 2.433971
-0.1077196 0.7656353 2.40349
-0.2916629 0.507427 2.417707
-0.3697369 0.2335877 2.451492
-0.3912724 -0.04213861 2.40504
0.0638914 0.5041632 2.411066
0.1201345 0.2633791 2.379076
0.1360062 0.07887328 2.209223
-0.1896879 0.02689493 2.373808
-0.1951035 -0.3935673 2.207824
-0.2110456 -0.7462154 2.062702
-0.04239349 0.02465406 2.374222
-0.02162629 -0.4110654 2.390976
-0.06031844 -0.7815446 2.434822
66
1
-0.1234444 0.3273886 2.396298
-0.1218626 0.5491817 2.406475
-0.1185608 0.7648609 2.378715
-0.3023071 0.5082628 2.387189
-0.377142 0.2299877 2.407995
-0.3931922 -0.04502838 2.366511
0.0543087 0.5039175 2.385125
0.1116509 0.2602701 2.361256
0.1311822 0.06931892 2.195304
-0.1963832 0.02500172 2.339989
-0.1974988 -0.3991045 2.185703
-0.2100035 -0.7575609 2.056516
-0.05006861 0.02171263 2.341185
-0.02960034 -0.4148135 2.352202
-0.0611042 -0.7787762 2.430945
67
1
-0.1310607 0.3298958 2.371689
-0.1304923 0.5515431 2.383441
-0.1270808 0.7668043 2.359548
-0.3088641 0.5071911 2.359331
-0.3789291 0.2274583 2.387214
-0.3952456 -0.04408131 2.33372
0.04725494 0.5048871 2.365413
0.1038488 0.2587256 2.339622
0.1235521 0.05809027 2.17886
-0.2031334 0.02740469 2.313378
-0.2020051 -0.3971513 2.160146
-0.2100319 -0.7630279 2.05586
-0.05562805 0.02462342 2.314393
-0.05284384 -0.4144866 2.304178
-0.05759414 -0.8357774 2.430503
68
1
-0.1392047 0.3344349 2.347607
-0.1395245 0.5553157 2.361245
-0.1400426 0.7741172 2.333159
-0.315384 0.5078619 2.337384
-0.3858671 0.2321154 2.350127
-0.3948286 -0.04035563 2.289894
0.03943423 0.5092453 2.345343
0.09582619 0.2532597 2.321999
0.1183774 0.0504084 2.173969
-0.2112072 0.0334881 2.285427
-0.2108553 -0.3925647 2.136956
-0.2076077 -0.7618464 2.053189
-0.06116715 0.029507 2.28908
-0.05667528 -0.4097948 2.278544
-0.05225242 -0.8358605 2.417467
69
1
-0.147715 0.3393248 2.321991
-0.1492417 0.5599542 2.336617
-0.1479026 0.7776259 2.314339
-0.3225882 0.5119155 2.307609
-0.3908496 0.2342486 2.316656
-0.3989034 -0.03710016 2.243844
0.03276185 0.5137136 2.328247
0.08762646 0.2499223 2.304716
0.1097889 0.03706635 2.164525
-0.2174344 0.03737705 2.259983
-0.2176073 -0.3900716 2.116259
-0.2060577 -0.7608965 2.049555
-0.0684381 0.0356182 2.261049
-0.04542941 -0.4034859 2.248796
-0.05267981 -0.748506 2.379893
70
1
-0.1527011 0.3438714 2.304264
-0.1538422 0.5644563 2.320687
-0.155518 0.7821438 2.292172
-0.3270924 0.5154395 2.289191
-0.3957942 0.2440826 2.279266
-0.3979203 -0.02830655 2.195673
0.02634184 0.5192715 2.310459
0.08167305 0.2483028 2.289967
0.105123 0.02952353 2.161892
-0.2229175 0.04183562 2.238358
-0.2212095 -0.3894092 2.110096
-0.2060395 -0.759832 2.047441
-0.07384078 0.03988782 2.242286
-0.04636601 -0.4000057 2.203188
-0.04758777 -0.8145973 2.380863
71
1
-0.1591652 0.3493496 2.282613
-0.1622257 0.5701078 2.297533
-0.1619094 0.7855346 2.273363
-0.3321608 0.5224537 2.258188
-0.3988906 0.2498957 2.249357
-0.3970845 -0.02565797 2.154283
0.02084278 0.5238209 2.295276
0.07762648 0.2483059 2.280311
0.09562519 0.008916115 2.152637
-0.2269871 0.04713151 2.215461
-0.2248414 -0.3872072 2.102026
-0.2061163 -0.7573971 2.044134
-0.07771273 0.04474666 2.225697
-0.04709109 -0.3950436 2.178799
-0.04159404 -0.8157933 2.368339
72
1
-0.1627654 0.3537716 2.264666
-0.1670143 0.5744217 2.281299
-0.1683534 0.7894022 2.25231
-0.3372085 0.5238788 2.240401
-0.4010362 0.2556249 2.211028
-0.388459 -0.02045576 2.103351
0.01630805 0.5271699 2.280069
0.07398814 0.2478653 2.27068
0.09099355 -0.00551839 2.145845
-0.2283452 0.05106192 2.19249
-0.2313486 -0.3849328 2.088306
-0.2057406 -0.7554647 2.042013
-0.07955234 0.04952958 2.20812
-0.04532213 -0.3888158 2.134036
-0.03257947 -0.8107598 2.330885
73
1
-0.1671624 0.3566612 2.249295
-0.1737799 0.5773647 2.263816
-0.1735518 0.792811 2.238366
-0.3422352 0.5267751 2.220388
-0.4041292 0.2617042 2.186334
-0.3897991 -0.01089149 2.077041
0.01140275 0.530848 2.26797
0.07092199 0.2512616 2.264665
0.09013713 -0.003620747 2.146858
-0.2301005 0.05308244 2.180237
-0.2334823 -0.3839971 2.082897
-0.2057718 -0.7541928 2.041285
-0.08111534 0.05296685 2.195114
-0.04488922 -0.3853036 2.12053
-0.03275226 -0.8046641 2.297961
74
1
-0.1709796 0.3595074 2.234819
-0.1772735 0.580931 2.249157
-0.1792316 0.7964644 2.218129
-0.3458097 0.5297246 2.196154
-0.4065501 0.2668242 2.155186
-0.388852 0.002324781 2.029391
0.006382761 0.5339859 2.252582
0.06784686 0.2539618 2.254919
0.08627774 -0.008623565 2.144654
-0.2338713 0.05411709 2.165338
-0.2352071 -0.3841251 2.076185
-0.2063407 -0.753933 2.039733
-0.08504788 0.05541766 2.182439
-0.04529653 -0.3804713 2.087534
-0.03326514 -0.7946501 2.235913
75
1
-0.1742593 0.3613547 2.220435
-0.1822734 0.5833104 2.232006
-0.183698 0.7998032 2.2021
-0.3481518 0.5332962 2.17785
-0.4079552 0.2726738 2.129485
-0.3858683 0.01177128 1.997026
0.002298196 0.5365969 2.239167
0.06527548 0.2576639 2.248999
0.08478054 -0.01130606 2.142544
-0.2350661 0.05522281 2.154194
-0.2372866 -0.3834358 2.068168
-0.2057839 -0.7527317 2.039121
-0.08634076 0.05667812 2.171335
-0.04682861 -0.3787322 2.072241
-0.02954787 -0.8028796 2.191031
76
1
-0.1760656 0.3635923 2.208086
-0.184554 0.5860885 2.219171
-0.1872334 0.8015805 2.186741
-0.3503883 0.5354268 2.162712
-0.4068292 0.2825439 2.108072
-0.3845786 0.02721526 1.95044
-0.001528989 0.5390788 2.223566
0.0623238 0.258376 2.241088
0.08359093 -0.01322012 2.139324
-0.2360456 0.05646128 2.142923
-0.2383345 -0.3828443 2.062409
-0.2049053 -0.7513587 2.037833
-0.08715209 0.05820974 2.160044
-0.04920704 -0.376254 2.053301
-0.03984852 -0.8124515 2.128227
77
1
-0.1777636 0.3652124 2.193099
-0.1862458 0.58868 2.202057
-0.190053 0.8021436 2.167786
-0.3517293 0.5362605 2.142577
-0.4075279 0.2917148 2.086766
-0.3814378 0.04820326 1.925669
-0.004416807 0.5404543 2.2082
0.05950649 0.2589421 2.231788
0.08222997 -0.005920398 2.13511
-0.2371916 0.0564132 2.132304
-0.2390889 -0.383441 2.057223
-0.2039583 -0.750962 2.034225
-0.08903439 0.05907114 2.145829
-0.05051945 -0.3754508 2.0392
-0.03757263 -0.8023755 2.065658
78
1
-0.1791782 0.3658411 2.18338
-0.1882189 0.589398 2.191135
-0.1921511 0.803945 2.158158
-0.3534681 0.5371702 2.13622
-0.4073329 0.2971694 2.074492
-0.3852165 0.08025184 1.894079
-0.005807283 0.5409551 2.198537
0.05696467 0.2615805 2.223415
0.08162952 -0.01065582 2.1248
-0.2377217 0.05645136 2.123474
-0.2397235 -0.3839339 2.054771
-0.2039425 -0.7504992 2.032292
-0.08978402 0.05973191 2.138647
-0.05076358 -0.3750726 2.033761
-0.02687515 -0.8012495 2.02727
79
1
-0.1799126 0.3651697 2.171322
-0.189775 0.5889987 2.177927
-0.1945709 0.8040349 2.144773
-0.3555988 0.5377069 2.125585
-0.4055771 0.3042407 2.060333
-0.3799527 0.09030448 1.871213
-0.008085134 0.5426421 2.184862
0.05526311 0.262504 2.210863
0.08026708 -0.01287161 2.113877
-0.2372863 0.05561022 2.112119
-0.2400354 -0.3853039 2.051877
-0.2029569 -0.7507197 2.029888
-0.08948901 0.05840833 2.128968
-0.0529753 -0.3765805 2.023753
-0.02494146 -0.7427848 2.001977
80
1
-0.1801451 0.3637366 2.163265
-0.1908607 0.5878811 2.170792
-0.196265 0.8026474 2.134761
-0.356319 0.5377523 2.120339
-0.4031163 0.3078981 2.049258
-0.3770716 0.1008589 1.854238
-0.008919287 0.5414762 2.173303
0.05520397 0.2627133 2.199264
0.07981093 -0.01357725 2.102468
-0.2358902 0.05369083 2.104017
-0.2401086 -0.3874764 2.050437
-0.2025326 -0.7517818 2.028412
-0.08852562 0.05633948 2.11816
-0.05305319 -0.3799682 2.021207
-0.02543561 -0.7442951 1.981477
81
1
-0.180259 0.3629114 2.155126
-0.1909148 0.5871077 2.164259
-0.1970729 0.8016927 2.128164
-0.3567392 0.5375367 2.117488
-0.4008644 0.3094466 2.044914
-0.3728968 0.1099029 1.839789
-0.009073123 0.5417939 2.165124
0.05595279 0.2621949 2.185552
0.07942636 -0.0030795 2.094002
-0.2359726 0.05249244 2.094035
-0.2403801 -0.3888922 2.048876
-0.2023417 -0.7520995 2.026977
-0.08886766 0.05572734 2.107669
-0.05403607 -0.3817464 2.019175
-0.02526452 -0.7448584 1.978503
82
1
-0.179866 0.3607242 2.143057
-0.1903571 0.5856796 2.154543
-0.1974919 0.7992667 2.115313
-0.356805 0.5355702 2.106117
-0.3981342 0.310547 2.037877
-0.3712255 0.1158543 1.828966
-0.009426913 0.5403497 2.147504
0.05629425 0.2608908 2.162487
0.07936093 0.001380217 2.073914
-0.2358202 0.04982483 2.081706
-0.240393 -0.3915994 2.043702
-0.2017308 -0.7536983 2.023295
-0.08882315 0.05144906 2.089093
-0.05481301 -0.3875434 2.015134
-0.02482476 -0.7495055 1.975101
83
1
-0.1793202 0.3607731 2.13915
-0.1894343 0.5857601 2.151251
-0.1974237 0.7993438 2.110966
-0.3570067 0.5355373 2.103082
-0.3970434 0.3111228 2.037183
-0.3680047 0.1187019 1.820335
-0.008971377 0.5408403 2.142391
0.05740799 0.2638772 2.153469
0.08048468 0.002024149 2.057263
-0.2360324 0.0498312 2.076384
-0.2402562 -0.3915986 2.041821
-0.2014486 -0.7526402 2.022861
-0.08871669 0.05149427 2.085222
-0.05675553 -0.3879026 2.014318
-0.02539439 -0.748663 1.974064
84
1
-0.1779934 0.3611611 2.134074
-0.1876153 0.5860267 2.147177
-0.1973989 0.7996449 2.106566
-0.3564518 0.5360999 2.100453
-0.3956515 0.3118007 2.036919
-0.366412 0.1204393 1.820061
-0.008230525 0.5420061 2.135319
0.05914009 0.2691223 2.135634
0.08120643 0.001530169 2.037157
-0.2355637 0.0503091 2.070774
-0.2398798 -0.3910936 2.039995
-0.2013617 -0.7511312 2.022339
-0.08808871 0.05219901 2.077831
-0.05701068 -0.3876858 2.012533
-0.02578514 -0.7474491 1.972895
85
1
-0.1768383 0.3621443 2.129454
-0.1857256 0.5870894 2.143035
-0.1964388 0.7994995 2.102068
-0.3559762 0.5371162 2.097151
-0.3948549 0.3114865 2.036481
-0.3647608 0.1221226 1.822999
-0.00680179 0.5428854 2.129033
0.05933879 0.2687335 2.124953
0.08042729 0.01027524 2.011278
-0.2354963 0.05075063 2.065847
-0.2393535 -0.3906124 2.038344
-0.2013821 -0.7496994 2.021975
-0.08777599 0.05348917 2.072347
-0.05678467 -0.3866777 2.011068
-0.0266124 -0.7455614 1.9721
86
1
-0.1751067 0.3626955 2.122166
-0.1831379 0.5877084 2.135461
-0.194786 0.8001544 2.097144
-0.3549269 0.5383455 2.092358
-0.3948271 0.3114329 2.036452
-0.3622773 0.1214639 1.827324
-0.005029698 0.5432743 2.122992
0.06086247 0.2708756 2.111099
0.08018168 0.01431454 1.982926
-0.2347157 0.05094792 2.058525
-0.2382801 -0.3903236 2.035116
-0.2018255 -0.7485633 2.020082
-0.0871213 0.05411482 2.066264
-0.05610038 -0.3862415 2.008134
-0.02766708 -0.7443331 1.970221
87
1
-0.173853 0.3628809 2.118033
-0.1811907 0.5880845 2.13144
-0.1926554 0.8008324 2.092893
-0.353562 0.5393441 2.089008
-0.3950087 0.311044 2.037077
-0.3552903 0.1100456 1.847325
-0.002671784 0.5430018 2.116912
0.06207356 0.2739346 2.100926
0.08061823 0.02153104 1.963028
-0.2344191 0.05095749 2.054099
-0.2375417 -0.390287 2.032114
-0.2020652 -0.7476515 2.020038
-0.08669125 0.05393812 2.062084
-0.05576192 -0.3865589 2.006865
-0.02751854 -0.7437143 1.969277
88
1
-0.1716383 0.3628151 2.11178
-0.1781254 0.5880894 2.125877
-0.1892423 0.8011593 2.086789
-0.3519942 0.5395355 2.085429
-0.395393 0.3089637 2.038036
-0.3496697 0.09416819 1.869111
-0.000321354 0.5423036 2.110945
0.06298209 0.2761095 2.092878
0.08290745 0.03627677 1.941016
-0.2337722 0.05042722 2.046808
-0.2368444 -0.3906391 2.029192
-0.2018225 -0.7470888 2.018892
-0.08535275 0.05405387 2.054805
-0.05507993 -0.3866789 2.004603
-0.02765177 -0.7430075 1.967856
89
1
-0.1703536 0.3631249 2.108617
-0.1762297 0.5885586 2.123223
-0.1870783 0.8014854 2.084454
-0.3505752 0.5399848 2.083348
-0.3958341 0.3063773 2.040557
-0.349143 0.07849138 1.886276
0.00187553 0.5423698 2.108092
0.06390411 0.2781928 2.086408
0.0844392 0.04864495 1.926211
-0.2335389 0.05056764 2.043796
-0.2361155 -0.3904376 2.027795
-0.2018219 -0.7460353 2.018717
-0.08468781 0.05401038 2.049768
-0.0545927 -0.3868322 2.003176
-0.02776542 -0.7423933 1.967953
90
1
-0.1686978 0.3635298 2.104502
-0.1737559 0.5890312 2.119079
-0.1830527 0.802192 2.08026
-0.3491347 0.5405626 2.081286
-0.3957305 0.3013436 2.044373
-0.3514123 0.06300459 1.906763
0.004386822 0.542123 2.103777
0.06474151 0.2810298 2.081282
0.0837533 0.06052295 1.915623
-0.2331962 0.05076034 2.040363
-0.2353649 -0.3901468 2.026511
-0.2026671 -0.8060329 2.021489
-0.0837132 0.05443226 2.04533
-0.05399324 -0.3865067 2.002264
-0.02788748 -0.7412487 1.967116
91
1
-0.1669195 0.3637525 2.101117
-0.1713006 0.5893224 2.115874
-0.1794293 0.8028287 2.077696
-0.3468919 0.5408123 2.079025
-0.3950504 0.2964441 2.048209
-0.3542278 0.04707145 1.924525
0.006907021 0.5422575 2.100547
0.06597525 0.2855107 2.076209
0.08347488 0.0725482 1.908746
-0.2324425 0.05106911 2.036987
-0.234495 -0.3896992 2.025695
-0.2024397 -0.8063282 2.021487
-0.08269825 0.05434264 2.041589
-0.0527268 -0.3866093 2.001307
-0.02791235 -0.740621 1.966785
92
1
-0.1653224 0.3641315 2.098286
-0.1688998 0.5899931 2.113128
-0.174892 0.8031412 2.07307
-0.3447769 0.5411186 2.076905
-0.3945668 0.2926798 2.051724
-0.3574502 0.02018634 1.944596
0.009630661 0.5423651 2.096955
0.06758711 0.2882169 2.071242
0.08307974 0.08652447 1.906991
-0.2320423 0.05150816 2.034271
-0.2337766 -0.389193 2.024353
-0.2024311 -0.8070773 2.021362
-0.08181998 0.05388111 2.038277
-0.05220675 -0.3870957 2.000671
-0.02701145 -0.7402431 1.965888
93
1
-0.1638028 0.3642283 2.095613
-0.165574 0.5902696 2.109781
-0.1698172 0.8033615 2.069063
-0.341694 0.5418057 2.074528
-0.3939113 0.2897801 2.05602
-0.3600315 0.01632222 1.955189
0.01292557 0.5424525 2.093023
0.06906722 0.2901029 2.068733
0.08516688 0.1083398 1.909169
-0.2321898 0.05174058 2.0323
-0.2329239 -0.3889228 2.023297
-0.2025314 -0.8069692 2.021165
-0.0819293 0.05346293 2.036007
-0.05139621 -0.3874479 1.999863
-0.02724161 -0.7399381 1.96592
94
1
-0.1625012 0.3641852 2.093015
-0.163144 0.5903208 2.105989
-0.1670837 0.8037362 2.066902
-0.3399471 0.5419659 2.073262
-0.3934536 0.287531 2.060907
-0.3645042 0.0180045 1.966782
0.01571193 0.5425085 2.090092
0.07036972 0.2910504 2.067267
0.08519956 0.1092643 1.908446
-0.2320728 0.05181282 2.031071
-0.2330105 -0.3887949 2.022895
-0.2024403 -0.8070154 2.021178
-0.08186779 0.05315681 2.034893
-0.04986685 -0.3876485 1.999423
-0.0277281 -0.7395434 1.965959
95
1
-0.1606325 0.3640988 2.090718
-0.1598067 0.5902312 2.102759
-0.1635872 0.8041606 2.063691
-0.3380154 0.5424377 2.071748
-0.3931578 0.2842904 2.064673
-0.3705821 0.02265444 1.975023
0.0184637 0.5422646 2.086777
0.07283327 0.2930589 2.065199
0.08619161 0.1096264 1.903394
-0.2318169 0.05194964 2.03021
-0.2326066 -0.3885944 2.022995
-0.2023541 -0.8070593 2.021148
-0.08161306 0.05279093 2.033642
-0.04693698 -0.3878078 1.999261
-0.02756931 -0.739244 1.966949
96
1
-0.1591826 0.3643374 2.088375
-0.1578666 0.5905405 2.100384
-0.1601957 0.8037807 2.060628
-0.3356609 0.5428177 2.070533
-0.3932441 0.2819054 2.066726
-0.3733878 0.02068199 1.978911
0.02142582 0.5425481 2.083131
0.07527245 0.2940266 2.062676
0.08660799 0.1074285 1.900118
-0.2316288 0.0523894 2.028501
-0.2319245 -0.3880608 2.022779
-0.202145 -0.8072377 2.021171
-0.08096102 0.05251038 2.031466
-0.04396911 -0.3878822 1.999097
-0.02257991 -0.8007209 1.967966
97
1
-0.1573042 0.3644259 2.086467
-0.1552803 0.5906672 2.098063
-0.1571016 0.8038979 2.058071
-0.3331521 0.5432738 2.068507
-0.3935615 0.2793837 2.068796
-0.377235 0.01625222 1.980396
0.02353934 0.5423123 2.079661
0.07756528 0.2931088 2.059687
0.0874119 0.09666055 1.892295
-0.2309703 0.05268111 2.027501
-0.2304281 -0.387761 2.022126
-0.2024324 -0.8075278 2.021197
-0.08018699 0.05222683 2.030099
-0.04302926 -0.388132 1.99882
-0.02251681 -0.8003951 1.967785
98
1
-0.1555571 0.3644234 2.084759
-0.1531258 0.5907381 2.096046
-0.1541698 0.803714 2.055603
-0.330959 0.5438071 2.06715
-0.3936539 0.2786573 2.069349
-0.3802728 0.01426816 1.981154
0.02555648 0.5421599 2.076864
0.07964355 0.2912002 2.056977
0.08773966 0.08053797 1.888639
-0.2301182 0.05282815 2.026594
-0.2289555 -0.3875797 2.0218
-0.2022208 -0.8069793 2.021014
-0.07925075 0.05186733 2.028696
-0.04212282 -0.3884653 1.998683
-0.02254296 -0.7982308 1.968211
99
1
-0.1538438 0.3643156 2.083262
-0.151074 0.5906761 2.094157
-0.1517517 0.8037918 2.053464
-0.3297761 0.5440928 2.066729
-0.3937528 0.2782608 2.069317
-0.3845831 0.01333837 1.981174
0.02815009 0.5417472 2.073399
0.08185093 0.286743 2.053936
0.08848886 0.06983562 1.891477
-0.2291018 0.05281511 2.025735
-0.2280956 -0.3875776 2.021164
-0.2021667 -0.8069635 2.020996
-0.07827912 0.05157899 2.027726
-0.04084706 -0.3887475 1.996786
-0.02667557 -0.7382665 1.967855
100
1
-0.1518633 0.3644793 2.081671
-0.1487656 0.5910475 2.09262
-0.1489669 0.8034603 2.051272
-0.3282211 0.5445681 2.065941
-0.39378 0.2781923 2.069195
-0.3885959 0.01172417 1.979078
0.03047319 0.541996 2.071327
0.08407996 0.2820432 2.050487
0.09054129 0.05527362 1.899526
-0.2280305 0.05289144 2.024778
-0.2270351 -0.3874788 2.020557
-0.2022549 -0.8065975 2.021225
-0.07665168 0.05121157 2.02539
-0.03998138 -0.3891304 1.996516
-0.02086318 -0.8015602 1.968732
101
1
-0.149542 0.3643252 2.079479
-0.1458175 0.5909988 2.089694
-0.1464328 0.8036788 2.049381
-0.3265151 0.5454127 2.064826
-0.3941849 0.2782505 2.067163
-0.3895998 0.01168874 1.977371
0.03232605 0.5418287 2.069446
0.08602421 0.277851 2.047783
0.09177842 0.03638956 1.907673
-0.2264477 0.05276065 2.02341
-0.2263513 -0.3875428 2.019938
-0.2023049 -0.8065261 2.021281
-0.07548704 0.05085506 2.024176
-0.03808836 -0.3894091 1.995924
-0.0206744 -0.8017264 1.968805
102
1
-0.1476464 0.3641798 2.078174
-0.1440489 0.5909609 2.088146
-0.1442986 0.8042688 2.048226
-0.3247488 0.5456685 2.063538
-0.3936479 0.2781968 2.065134
-0.3902072 0.01199041 1.974058
0.03407906 0.5412865 2.068105
0.08724961 0.2745806 2.046247
0.09274542 0.02532739 1.91695
-0.2244024 0.05247101 2.022543
-0.2247835 -0.3878094 2.019275
-0.2022796 -0.8066403 2.021407
-0.07383377 0.05054493 2.023205
-0.03698164 -0.3897488 1.995355
-0.0207632 -0.8011348 1.968586
103
1
-0.1458323 0.3640073 2.076791
-0.1423214 0.5907553 2.086512
-0.1416435 0.8041722 2.046485
-0.3229096 0.5465063 2.062502
-0.3922156 0.279249 2.061031
-0.3894 0.01197762 1.96737
0.03635884 0.5409302 2.066463
0.08828966 0.2726156 2.046215
0.0939555 0.01399798 1.925987
-0.2225418 0.05231335 2.021494
-0.2242365 -0.387884 2.019024
-0.2021206 -0.8066013 2.021287
-0.07216168 0.05040227 2.022223
-0.03621882 -0.3899354 1.995326
-0.02050675 -0.8003983 1.967919
104
1
-0.1438979 0.3642167 2.075541
-0.140111 0.5911061 2.08513
-0.1393293 0.8045263 2.044901
-0.3197948 0.5470984 2.060372
-0.3903264 0.2794714 2.056989
-0.3862149 0.01220838 1.962412
0.03824459 0.5410089 2.064854
0.0896126 0.2706072 2.046617
0.09493095 0.002107503 1.937083
-0.2211823 0.05233522 2.020401
-0.2232521 -0.3878067 2.018569
-0.2019442 -0.806758 2.021548
-0.07057096 0.05041853 2.02124
-0.03576716 -0.3899842 1.99517
-0.02033593 -0.8001329 1.968174
105
1
-0.1413738 0.3641446 2.074406
-0.1370323 0.5910565 2.083505
-0.1369206 0.8048497 2.043719
-0.3179713 0.5475293 2.059196
-0.3869053 0.2797936 2.053394
-0.3812522 0.0124158 1.954531
0.04047284 0.540734 2.063579
0.09147959 0.2695121 2.048318
0.09744929 0.001281257 1.945557
-0.2191806 0.05215412 2.019785
-0.2224887 -0.3879321 2.018354
-0.2018722 -0.8066748 2.021344
-0.06904209 0.05037275 2.020687
-0.03509953 -0.3900892 1.994778
-0.01997332 -0.7995725 1.968783
106
1
-0.1396216 0.3643271 2.073295
-0.1348606 0.5912629 2.082023
-0.1348723 0.8051388 2.042664
-0.3155136 0.5481697 2.057645
-0.3840762 0.2796349 2.049872
-0.3747776 0.01455066 1.948436
0.04298825 0.540746 2.062567
0.09443492 0.2666301 2.051341
0.09903028 0.002609826 1.954141
-0.2179882 0.0522128 2.01907
-0.2215053 -0.3878344 2.018087
-0.2015359 -0.8069941 2.021451
-0.06793451 0.05056249 2.020101
-0.03412231 -0.389903 1.994534
-0.02010648 -0.7983668 1.967955
107
1
-0.1377145 0.364615 2.072153
-0.1333159 0.5915728 2.081007
-0.1324615 0.8050451 2.040894
-0.3129686 0.5488343 2.05534
-0.3806075 0.2809018 2.045889
-0.3670783 0.01846288 1.941361
0.04497555 0.5405511 2.06188
0.09642904 0.2673532 2.053373
0.101349 0.005228631 1.962507
-0.2157191 0.05229346 2.01765
-0.2210822 -0.3876331 2.017676
-0.2015111 -0.8068113 2.021393
-0.06560156 0.05090278 2.019025
-0.03320764 -0.3896678 1.993655
-0.01999268 -0.7983714 1.967835
108
1
-0.136107 0.3645989 2.071416
-0.1319491 0.5915542 2.079967
-0.130285 0.8051399 2.040022
-0.3113298 0.5489183 2.053472
-0.3778185 0.2823755 2.043634
-0.3598708 0.02263105 1.936628
0.04721623 0.5402833 2.061726
0.09921395 0.2678919 2.057116
0.1024652 0.006884859 1.968062
-0.2135359 0.05226011 2.017097
-0.2204379 -0.387617 2.017296
-0.201667 -0.8069553 2.021462
-0.06384615 0.05089379 2.018917
-0.03248147 -0.3897453 1.993585
-0.01971521 -0.7999939 1.967648
109
1
-0.1344554 0.3645889 2.070527
-0.1306389 0.5915406 2.079093
-0.1286887 0.8053106 2.039027
-0.3089383 0.5487443 2.051331
-0.3745795 0.2832513 2.041428
-0.3520554 0.02682716 1.930116
0.04920473 0.5401838 2.061217
0.1014563 0.2674877 2.059917
0.1026451 0.007163784 1.970342
-0.2113044 0.05219033 2.015919
-0.2196119 -0.3875984 2.01671
-0.2016997 -0.8071722 2.021322
-0.06197733 0.05092982 2.018348
-0.0322393 -0.3898031 1.993472
-0.01980601 -0.7997933 1.96766
110
1
-0.1328752 0.3647886 2.069854
-0.1294017 0.5917658 2.078409
-0.1270429 0.8056682 2.038616
-0.3077337 0.5490917 2.050384
-0.370716 0.2862791 2.038929
-0.3456114 0.03309187 1.926898
0.05070809 0.5401995 2.061204
0.1029522 0.2682242 2.062193
0.102568 0.005850193 1.971797
-0.2095313 0.05219271 2.01516
-0.2193699 -0.3875039 2.016476
-0.2017573 -0.8071871 2.021241
-0.05971853 0.05121997 2.017883
-0.03187486 -0.3896287 1.99325
-0.02009116 -0.7990718 1.967562
111
1
-0.1314585 0.3648798 2.069184
-0.1282608 0.5918096 2.077841
-0.1255554 0.8059004 2.0383
-0.3065077 0.5493946 2.049204
-0.3684767 0.2901149 2.037379
-0.3414509 0.03838336 1.924597
0.05176876 0.5401384 2.061196
0.1044372 0.2692295 2.063792
0.1031805 0.007154903 1.973166
-0.2076816 0.05229346 2.013962
-0.2187138 -0.3872881 2.016141
-0.2017404 -0.8071785 2.021339
-0.0580961 0.0514267 2.017439
-0.03090977 -0.3894517 1.993196
-0.02035044 -0.7987294 1.967402
112
1
-0.130083 0.3650738 2.068601
-0.127186 0.5920447 2.077366
-0.1237942 0.8059217 2.03793
-0.3054508 0.5496151 2.048345
-0.3670486 0.2927272 2.035978
-0.3359191 0.04277367 1.921991
0.0529483 0.540159 2.061187
0.1050065 0.269671 2.064288
0.1032642 0.007593524 1.973322
-0.2059599 0.05230839 2.012973
-0.2184487 -0.3871491 2.015927
-0.2016893 -0.8074969 2.021184
-0.05632345 0.05161548 2.016961
-0.0302908 -0.3893218 1.993045
-0.02030291 -0.7967609 1.968093
113
1
-0.1285055 0.3650957 2.068045
-0.1257859 0.5920398 2.076911
-0.1223163 0.8057646 2.037656
-0.3037905 0.5497499 2.046805
-0.3657553 0.2942923 2.034655
-0.3322086 0.04657837 1.920627
0.05424565 0.5403379 2.061496
0.1053282 0.2697483 2.064397
0.1035497 0.008109418 1.972584
-0.2041598 0.05227768 2.011755
-0.2176582 -0.3870807 2.015363
-0.2011952 -0.8070402 2.021108
-0.0545877 0.051759 2.016732
-0.02992207 -0.3892523 1.992913
-0.02055415 -0.7968304 1.967682
114
1
-0.1275652 0.365099 2.067749
-0.1248197 0.5921398 2.076611
-0.1208678 0.8057643 2.037431
-0.3024819 0.5499324 2.04576
-0.3642031 0.2957295 2.03314
-0.3294472 0.04961997 1.91954
0.05548916 0.5402474 2.061749
0.1058818 0.2703286 2.06455
0.1037855 0.008035329 1.968967
-0.2032432 0.05208636 2.011332
-0.2166536 -0.3872924 2.014768
-0.2011544 -0.8069382 2.021176
-0.05379212 0.05170214 2.016586
-0.0296029 -0.3893256 1.99297
-0.02096117 -0.7962721 1.967198
115
1
-0.1266806 0.3652684 2.067402
-0.1239401 0.592366 2.076337
-0.1195722 0.8060852 2.037722
-0.3013562 0.5499031 2.044993
-0.3628978 0.2994124 2.031654
-0.3266619 0.05165174 1.918573
0.05642845 0.5403869 2.061933
0.1064734 0.2703325 2.06422
0.1033861 0.008097126 1.964037
-0.2024565 0.05210782 2.010649
-0.2162971 -0.3872264 2.014393
-0.2010864 -0.8062907 2.020567
-0.05284084 0.05185598 2.016375
-0.0293766 -0.3892069 1.992901
-0.02096106 -0.7962677 1.967207
116
1
-0.1257837 0.3653424 2.067261
-0.1232298 0.5925243 2.076161
-0.1182207 0.8061523 2.037731
-0.3002494 0.5498796 2.044191
-0.3621458 0.2999337 2.030951
-0.3253931 0.0529619 1.917855
0.05741282 0.5405805 2.062095
0.1072258 0.2712998 2.063464
0.1032113 0.008468186 1.957842
-0.2012759 0.05197274 2.01036
-0.2154206 -0.3873354 2.014234
-0.2012641 -0.80674 2.020243
-0.05169401 0.05184836 2.016516
-0.02921997 -0.3892675 1.9929
-0.0209761 -0.7961138 1.967188
117
1
-0.1249683 0.3654436 2.066942
-0.1224949 0.5926751 2.075957
-0.1167628 0.8066023 2.037818
-0.2987932 0.5497666 2.043257
-0.3614027 0.2999978 2.030249
-0.3245354 0.05319807 1.917448
0.05830237 0.5404717 2.062228
0.107509 0.2710552 2.062742
0.1036496 0.0102152 1.950981
-0.2005512 0.05204744 2.009718
-0.2150176 -0.3872465 2.013652
-0.2012246 -0.8067511 2.020176
-0.05060158 0.05181702 2.016194
-0.02896748 -0.389326 1.992914
-0.02080422 -0.7949033 1.967611
118
1
-0.1243486 0.3653975 2.066758
-0.1217895 0.592592 2.075799
-0.1154926 0.8068656 2.038042
-0.2973823 0.5499591 2.042099
-0.3603449 0.2996562 2.028923
-0.3243748 0.05321984 1.917274
0.05933041 0.5406564 2.062351
0.1080362 0.2710268 2.061682
0.1040911 0.01306311 1.945114
-0.2000627 0.05211032 2.009444
-0.2148061 -0.3871544 2.013576
-0.2009584 -0.8066391 2.020472
-0.05013901 0.05176127 2.01606
-0.02884884 -0.3893825 1.993143
-0.02081249 -0.7949272 1.967616
119
1
-0.1237577 0.3654797 2.066663
-0.121112 0.5926841 2.07568
-0.11461 0.8071225 2.038336
-0.2966463 0.550001 2.041572
-0.3599401 0.2995661 2.028347
-0.3242469 0.05231791 1.917089
0.06026392 0.5406706 2.062451
0.1083983 0.2708809 2.060412
0.1045929 0.01763515 1.939759
-0.1996781 0.05219005 2.009339
-0.2143333 -0.3870863 2.01342
-0.2009514 -0.8061229 2.020377
-0.04963177 0.05182038 2.016052
-0.02870702 -0.3893292 1.993423
-0.02070133 -0.7949294 1.967627
120
1
-0.123322 0.3654667 2.066583
-0.1205664 0.5926576 2.075584
-0.1136302 0.8071046 2.038462
-0.2960443 0.5500314 2.041294
-0.3592364 0.298961 2.027314
-0.3243507 0.04920714 1.917037
0.06108285 0.5406821 2.062532
0.1086722 0.270932 2.059931
0.1040178 0.02016706 1.935824
-0.199357 0.0522604 2.009238
-0.2135715 -0.3870515 2.013179
-0.2012575 -0.8069708 2.020258
-0.04938261 0.05176729 2.016037
-0.02864336 -0.3893859 1.993497
-0.02079604 -0.7948958 1.967338
121
1
-0.1229504 0.3654715 2.066639
-0.1199305 0.5926358 2.075696
-0.11275 0.8074064 2.038916
-0.2956587 0.5500071 2.041095
-0.358931 0.2985361 2.026809
-0.3242987 0.0448821 1.916706
0.06182384 0.5406314 2.0626
0.1089228 0.2712966 2.059105
0.1045023 0.02301135 1.932244
-0.1992056 0.05235103 2.009224
-0.2134474 -0.3869669 2.013115
-0.2014973 -0.8064442 2.020181
-0.04928461 0.05173562 2.016071
-0.02855898 -0.3894123 1.993651
-0.02141021 -0.7949056 1.967176
122
1
-0.1226387 0.3654642 2.066687
-0.1193718 0.5926139 2.07579
-0.1119105 0.8073514 2.039086
-0.2953251 0.5500694 2.041013
-0.35846 0.2979128 2.026308
-0.3250725 0.03941735 1.917086
0.06215365 0.5406016 2.062639
0.1092483 0.2715503 2.05846
0.1046305 0.02454815 1.93014
-0.1991199 0.05239766 2.009217
-0.2132059 -0.3869552 2.012844
-0.2014907 -0.8064323 2.020217
-0.04921411 0.05170146 2.0161
-0.02844041 -0.3894424 1.993706
-0.02137018 -0.7950537 1.9671
123
1
-0.1225279 0.3655138 2.066778
-0.1191628 0.5927359 2.075989
-0.1112899 0.8075719 2.03933
-0.295023 0.5500855 2.04086
-0.3582465 0.2970366 2.025858
-0.3269696 0.03713628 1.917752
0.06264602 0.5404661 2.062486
0.1094638 0.2718332 2.057951
0.1052911 0.02716136 1.928026
-0.1990863 0.05247657 2.009218
-0.2131811 -0.3868802 2.01282
-0.2016194 -0.8062941 2.020023
-0.04918498 0.05162671 2.016145
-0.02847531 -0.3895137 1.99386
-0.02130981 -0.79505 1.967175
124
1
-0.122301 0.3655253 2.06677
-0.11878 0.5927158 2.076028
-0.1108274 0.8076896 2.039568
-0.2946181 0.5500551 2.040597
-0.3582048 0.2961755 2.025485
-0.3292474 0.03429589 1.918849
0.06329952 0.5404439 2.062331
0.1098437 0.2719376 2.057147
0.105624 0.02925839 1.927166
-0.1990045 0.0525807 2.009143
-0.2130713 -0.3868139 2.012412
-0.2021047 -0.8067927 2.019426
-0.04912629 0.05160974 2.016126
-0.02786307 -0.3895197 1.99349
-0.0213344 -0.7943329 1.966432
125
1
-0.122239 0.3655291 2.066787
-0.1186324 0.5926828 2.076059
-0.1103339 0.8078238 2.039787
-0.2945357 0.5500877 2.040666
-0.3584116 0.2956517 2.02544
-0.3312166 0.03297242 1.920475
0.06369916 0.5404721 2.062398
0.1099786 0.2718758 2.056899
0.1062282 0.03088067 1.92712
-0.1989905 0.05274048 2.009158
-0.2129486 -0.3866545 2.012499
-0.2021059 -0.806656 2.01955
-0.04913131 0.05159867 2.01613
-0.02780759 -0.3895234 1.9936
-0.02138733 -0.7946181 1.966311
126
1
-0.122147 0.3655393 2.066761
-0.118336 0.5927302 2.075964
-0.1099363 0.8080552 2.039778
-0.294336 0.5500672 2.040631
-0.3585683 0.2948832 2.025395
-0.3330983 0.03178069 1.922153
0.06407814 0.5404536 2.06208
0.1102506 0.2719112 2.055906
0.1059357 0.0305493 1.927009
-0.1990093 0.05279211 2.009196
-0.2128601 -0.3866116 2.012503
-0.2021275 -0.8067335 2.01959
-0.04916846 0.05151109 2.016094
-0.02756287 -0.3895953 1.99359
-0.02144126 -0.794336 1.966005
127
1
-0.1219921 0.3655533 2.066796
-0.1179969 0.5927138 2.076018
-0.1096811 0.8081065 2.039923
-0.2942414 0.5500761 2.0407
-0.358749 0.2940546 2.025746
-0.3365549 0.03104945 1.923654
0.06440701 0.5403979 2.062003
0.1104549 0.2717399 2.055523
0.1057001 0.02982784 1.926998
-0.1989857 0.05300326 2.009224
-0.2126738 -0.3864219 2.012427
-0.2014975 -0.8053077 2.019586
-0.04916697 0.05145644 2.016116
-0.02734953 -0.3896439 1.993486
-0.02139707 -0.7943435 1.96591
128
1
-0.121854 0.3656264 2.066815
-0.1176055 0.5928221 2.076066
-0.1094801 0.8081827 2.040007
-0.2941139 0.550189 2.040859
-0.3590165 0.2935434 2.025997
-0.339388 0.03017693 1.925456
0.06459817 0.5403901 2.061949
0.1106189 0.2715759 2.055205
0.1057265 0.02854902 1.927301
-0.1990435 0.05319297 2.009279
-0.2120789 -0.3862213 2.012878
-0.2013494 -0.8051136 2.019652
-0.04918803 0.05145184 2.016097
-0.02711435 -0.3896365 1.993462
-0.02074351 -0.7944271 1.966573
129
1
-0.1217827 0.3656471 2.066787
-0.1174553 0.5928327 2.075996
-0.1091921 0.8081504 2.039987
-0.2940913 0.5502059 2.040896
-0.3592463 0.292925 2.026361
-0.3414906 0.03027034 1.9268
0.06479054 0.5403052 2.061736
0.1107753 0.2712705 2.05489
0.1054281 0.02641194 1.928515
-0.199059 0.05330181 2.009292
-0.211647 -0.3861205 2.013001
-0.2012852 -0.8055314 2.02006
-0.04919205 0.05144188 2.01609
-0.02711768 -0.3896461 1.99346
-0.02086899 -0.7947922 1.966198
130
1
-0.1215437 0.3656216 2.066769
-0.1170209 0.5928288 2.075897
-0.1090375 0.8082322 2.040059
-0.2939027 0.5502431 2.041045
-0.3595208 0.291691 2.026959
-0.342302 0.03002594 1.92791
0.06498187 0.5402672 2.06155
0.1108317 0.271161 2.054839
0.1046655 0.02272768 1.930303
-0.1990146 0.05330429 2.009349
-0.2117542 -0.3861354 2.012831
-0.2011238 -0.8054734 2.020029
-0.04916964 0.05136454 2.016086
-0.0268815 -0.3897077 1.99355
-0.02092658 -0.7944913 1.966096
131
1
-0.121429 0.3656373 2.066732
-0.1168429 0.5928366 2.075831
-0.1089315 0.808209 2.039994
-0.2939 0.5503052 2.041231
-0.3595865 0.2903773 2.027641
-0.3437895 0.02989111 1.9292
0.06519195 0.5401937 2.061373
0.1110215 0.2705687 2.054495
0.1049038 0.02136078 1.932382
-0.1989914 0.0533616 2.009348
-0.2118654 -0.3860986 2.012591
-0.2012749 -0.8061998 2.019965
-0.04916304 0.05134763 2.016072
-0.0268724 -0.3897273 1.993462
-0.02128034 -0.792905 1.965326
