Microsoft Kinect SDK
185389
15
1
1
0.009052454 0.149354 4.017323
0.004817501 0.3691886 4.018963
0.01624773 0.57775 3.994606
-0.1472847 0.3485633 4.012104
-0.2047049 0.08664327 4.015941
-0.1926771 -0.1269131 3.934324
0.1582651 0.3300653 4.008327
0.2175906 0.08772919 4.008861
0.212051 -0.124901 3.930115
-0.05599405 -0.1466762 3.970092
-0.05112699 -0.4381631 3.974838
-0.03782105 -0.7742301 3.994868
0.08232465 -0.1479602 3.97008
0.07871245 -0.4431387 3.976436
0.06600483 -0.7726447 3.986861
2
1
0.007476362 0.1493567 4.017826
0.003269779 0.3695062 4.019794
0.01425599 0.5784649 3.994751
-0.148688 0.3478206 4.01036
-0.2059576 0.08559915 4.015564
-0.1931586 -0.1281485 3.933873
0.1568311 0.3304009 4.008602
0.2139155 0.08482247 4.009198
0.2112586 -0.1256235 3.929905
-0.05748739 -0.1473223 3.970793
-0.05152297 -0.4381733 3.974999
-0.0371009 -0.7754356 3.994335
0.08102827 -0.1479554 3.96952
0.07773405 -0.4417488 3.976463
0.06474701 -0.7733695 3.986357
3
1
0.005996048 0.1496571 4.018194
0.0005274576 0.3705271 4.020298
0.01296391 0.5782329 3.994695
-0.1520021 0.3435561 4.008227
-0.2072891 0.08400438 4.01602
-0.1933092 -0.1281448 3.933912
0.1543557 0.3317163 4.008917
0.2130616 0.0847514 4.00957
0.2101546 -0.1268383 3.930219
-0.05801485 -0.1478893 3.971316
-0.05164224 -0.4380614 3.97529
-0.03657264 -0.7758889 3.994498
0.08085174 -0.1478443 3.969495
0.0773823 -0.4418781 3.976893
0.06765879 -0.790437 3.988375
4
1
0.004793442 0.149626 4.018923
-0.000661289 0.3706495 4.020905
0.009203632 0.5776252 3.994077
-0.1531274 0.3431844 4.007885
-0.2101963 0.0832127 4.015492
-0.1946119 -0.1285731 3.933696
0.1530332 0.3318461 4.008769
0.2114712 0.08768865 4.00917
0.2082438 -0.1281629 3.930101
-0.05882319 -0.148424 3.972215
-0.05184191 -0.4378582 3.975586
-0.0441738 -0.7845606 3.99506
0.08012995 -0.1477933 3.970023
0.07716812 -0.441851 3.977011
0.06647903 -0.778905 3.987207
5
1
0.003704882 0.1493707 4.019258
-0.002204872 0.3699058 4.021144
0.003348255 0.5785252 3.994843
-0.1548188 0.3437093 4.00714
-0.2121159 0.08467659 4.015565
-0.2140549 -0.1226947 3.937365
0.1492646 0.3323003 4.009091
0.2099739 0.08965323 4.009789
0.2080798 -0.128126 3.930016
-0.05919576 -0.1485264 3.972595
-0.05211812 -0.4377866 3.975847
-0.04300344 -0.7825818 3.995198
0.07950964 -0.1472841 3.97036
0.0771345 -0.441687 3.976988
0.06563878 -0.7769004 3.987766
6
1
0.001372749 0.149965 4.019234
-0.005140351 0.3711449 4.020159
0.001832083 0.5780792 3.996666
-0.1593811 0.344138 4.006802
-0.2140866 0.0854209 4.014334
-0.2146382 -0.1224611 3.937651
0.1473352 0.3327935 4.007534
0.2094001 0.08926255 4.009308
0.2072813 -0.1272913 3.930264
-0.06083537 -0.1486589 3.973604
-0.05279105 -0.4396341 3.978565
-0.04726226 -0.7823246 3.994194
0.07804675 -0.1471265 3.971097
0.07705328 -0.4402725 3.975788
0.06432866 -0.7762675 3.986172
7
1
0.0007836008 0.150146 4.019514
-0.005423502 0.3713328 4.020352
0.0006213161 0.5795227 3.997819
-0.1594362 0.3442349 4.006353
-0.2155785 0.08739711 4.014234
-0.2256974 -0.1180404 3.931001
0.146244 0.3323753 4.007607
0.2087473 0.08786546 4.009428
0.2071095 -0.1268708 3.930398
-0.06150724 -0.1487154 3.973764
-0.05368038 -0.4385169 3.979259
-0.04837486 -0.7819244 3.994428
0.07702103 -0.1468308 3.971795
0.07730269 -0.4402986 3.975231
0.06429372 -0.7753064 3.985549
8
1
0.0006613867 0.1501826 4.019341
-0.005162453 0.3713163 4.019042
-0.00103243 0.5808883 3.998992
-0.1605739 0.3445615 4.006304
-0.2178042 0.08732586 4.013301
-0.2255327 -0.1192975 3.933171
0.1457277 0.3324417 4.007448
0.2087652 0.08794466 4.009191
0.2086726 -0.1193985 3.930725
-0.06197586 -0.1487611 3.974
-0.05448129 -0.4393554 3.980134
-0.04936917 -0.7839522 3.993408
0.07596914 -0.1462301 3.973075
0.07726306 -0.4410413 3.972117
0.06303733 -0.7735834 3.983815
9
1
-0.0009095936 0.1504259 4.019774
-0.007646979 0.3718086 4.019798
-0.001017298 0.5797906 3.999496
-0.1606798 0.3460724 4.006257
-0.2187853 0.08717799 4.010654
-0.2238749 -0.1207629 3.934277
0.145232 0.3321107 4.007738
0.2081755 0.08916844 4.009323
0.2065841 -0.1178759 3.929903
-0.06237983 -0.1488001 3.974196
-0.05496057 -0.4390583 3.980177
-0.04742936 -0.780825 3.991858
0.07556459 -0.1461839 3.973241
0.07729235 -0.4413124 3.969618
0.06311156 -0.7731687 3.983075
10
1
-0.001031511 0.1503365 4.019724
-0.007584157 0.3715768 4.019724
-0.001183126 0.5801896 3.998876
-0.1613562 0.3452051 4.006226
-0.2194489 0.08950824 4.009605
-0.2251619 -0.1190683 3.935378
0.1453489 0.3320271 4.007881
0.208409 0.09025469 4.00913
0.2067702 -0.117248 3.92877
-0.0627657 -0.1488006 3.974015
-0.05586962 -0.4399539 3.980232
-0.0438398 -0.7786566 3.992411
0.07500861 -0.146103 3.973398
0.07738951 -0.4412386 3.968716
0.06593475 -0.7740502 3.982823
11
1
-0.001027662 0.1503904 4.019642
-0.007457038 0.3716308 4.019656
-0.0007837722 0.5807098 3.998816
-0.1614082 0.3450431 4.005858
-0.2195991 0.08978679 4.009808
-0.225881 -0.1187873 3.93567
0.1453554 0.3321139 4.007792
0.2084802 0.08952679 4.009235
0.2070981 -0.1200543 3.928523
-0.06284519 -0.1486722 3.974015
-0.05639287 -0.440519 3.980023
-0.0422474 -0.7783146 3.991944
0.07491502 -0.1460992 3.972994
0.07766085 -0.4424913 3.968069
0.07097115 -0.7788024 3.986347
12
1
-0.0009860526 0.1504219 4.019724
-0.006947745 0.3718181 4.020153
0.0009277576 0.5803977 3.998732
-0.1611554 0.3452566 4.006283
-0.2192953 0.08904851 4.008936
-0.2260813 -0.1191719 3.933718
0.1456619 0.3323349 4.007414
0.2095255 0.08968969 4.009061
0.207128 -0.1202791 3.92847
-0.06290354 -0.1486782 3.974005
-0.05670159 -0.4405468 3.979386
-0.04136999 -0.776529 3.992312
0.07482036 -0.1461533 3.972957
0.07849219 -0.4421886 3.967283
0.07080057 -0.7790558 3.9859
13
1
-0.0006680464 0.1504934 4.019867
-0.006371639 0.3717884 4.020391
0.00341644 0.5799143 3.999307
-0.1584259 0.3461802 4.005756
-0.2170597 0.09461305 4.008624
-0.227588 -0.1126069 3.930826
0.146651 0.3322211 4.007225
0.2098317 0.09033599 4.008939
0.2080055 -0.1222678 3.928316
-0.06258281 -0.1484403 3.974135
-0.05661369 -0.4408017 3.979473
-0.04140651 -0.7765385 3.992366
0.07495847 -0.1460821 3.973024
0.0795492 -0.4415834 3.967217
0.07110756 -0.7790906 3.984657
14
1
0.0003856829 0.1502505 4.01871
-0.005449607 0.3716511 4.019048
0.007507521 0.5793403 3.996926
-0.1517447 0.3445428 3.999059
-0.2131921 0.09186501 4.002131
-0.2016468 -0.1173407 3.914059
0.1509874 0.3314251 4.006296
0.2105297 0.09200709 4.008387
0.2081304 -0.1226554 3.927407
-0.0611574 -0.1488494 3.972755
-0.05659134 -0.4409458 3.978992
-0.04023526 -0.7767293 3.992584
0.07656678 -0.1466596 3.972339
0.07970608 -0.4417429 3.967194
0.0697731 -0.7787082 3.984875
15
1
0.003347986 0.1494407 4.018023
-0.00201596 0.370546 4.018768
0.01134333 0.5789731 3.995682
-0.1477062 0.3446618 3.995626
-0.2108213 0.101847 3.9954
-0.200318 -0.09451428 3.890196
0.1539021 0.3309634 4.003441
0.2149525 0.09083764 4.003173
0.2101317 -0.1250364 3.92201
-0.05926836 -0.1487466 3.971396
-0.05664715 -0.4409616 3.97887
-0.04066841 -0.7761748 3.992984
0.08037647 -0.1481228 3.971366
0.08038256 -0.4419436 3.966624
0.06635937 -0.7773979 3.984641
16
1
0.007039389 0.149766 4.015857
0.001821588 0.3714758 4.016353
0.01745585 0.5765015 3.99343
-0.1418111 0.3451163 3.992287
-0.2080549 0.1257382 3.983201
-0.1987425 -0.07508165 3.887594
0.1592102 0.3320687 4.001695
0.216597 0.09076443 4.002219
0.2130407 -0.1251051 3.918403
-0.05483147 -0.1482106 3.968111
-0.05705687 -0.4389457 3.976291
-0.04362021 -0.7752879 3.994751
0.08333436 -0.1492941 3.970533
0.08113223 -0.4409208 3.966009
0.06646904 -0.7764511 3.985117
17
1
0.01643912 0.1494115 4.011186
0.01385424 0.3700631 4.009737
0.02896503 0.5753246 3.983905
-0.136204 0.3459149 3.986949
-0.207753 0.1302795 3.976791
-0.1879278 -0.05688513 3.855586
0.1663306 0.3331212 3.99881
0.2189949 0.0894709 3.999503
0.2151881 -0.1260233 3.916347
-0.04829318 -0.1478191 3.964839
-0.05711049 -0.4388382 3.972727
-0.04587766 -0.7756214 3.995844
0.08915696 -0.1485067 3.968856
0.08171924 -0.4413424 3.965616
0.0672906 -0.7752515 3.986443
18
1
0.02482543 0.1473762 4.006725
0.02719672 0.3672692 4.00342
0.03924267 0.5668814 3.973003
-0.128924 0.3460146 3.982795
-0.2025394 0.1342913 3.971095
-0.1797463 -0.05042341 3.846374
0.1753658 0.3301885 3.995037
0.2252078 0.0842822 3.997405
0.2175246 -0.1254721 3.913628
-0.04569005 -0.1485591 3.962826
-0.05466309 -0.4423514 3.94763
-0.04686305 -0.77575 3.994337
0.09275585 -0.1498106 3.966683
0.08470932 -0.4415156 3.963889
0.06739747 -0.7750944 3.986722
19
1
0.02856246 0.1441772 4.002951
0.02963812 0.363917 4.000946
0.0488228 0.5620024 3.954526
-0.1267254 0.3457512 3.980862
-0.1984908 0.1312546 3.960676
-0.1742806 -0.05566023 3.839891
0.183471 0.3222603 3.985012
0.2298531 0.08552895 3.994411
0.220507 -0.1245209 3.911614
-0.04179556 -0.1503575 3.958636
-0.05684366 -0.4407645 3.916489
-0.05347148 -0.7788737 3.98283
0.0982208 -0.1530308 3.960326
0.08937148 -0.4413306 3.958325
0.07081156 -0.7723755 3.987657
20
1
0.03759525 0.1395861 3.994097
0.0421182 0.3557549 3.986327
0.05544861 0.5567089 3.934551
-0.1206909 0.3466667 3.974135
-0.1930169 0.125823 3.960101
-0.1737573 -0.05694935 3.831719
0.1883532 0.319609 3.9821
0.2336564 0.0850115 3.991337
0.2252241 -0.1232695 3.906717
-0.03683997 -0.1512861 3.954432
-0.05972133 -0.437815 3.898366
-0.0501709 -0.7774525 3.972344
0.102206 -0.1545905 3.958304
0.09258556 -0.4423973 3.955673
0.07061774 -0.7728377 3.987887
21
1
0.04215936 0.1367309 3.988358
0.04439361 0.3530417 3.981472
0.06131382 0.5490142 3.920589
-0.1177902 0.3441279 3.969686
-0.1909894 0.1213871 3.95549
-0.1734352 -0.06242519 3.828486
0.1969727 0.3098615 3.971023
0.2359278 0.08263422 3.988107
0.2273037 -0.1248447 3.903874
-0.03096218 -0.1528856 3.950146
-0.05979798 -0.432362 3.861239
-0.05988796 -0.7665659 3.919536
0.11037 -0.157222 3.951836
0.09666951 -0.4417251 3.950505
0.07028062 -0.7727628 3.986627
22
1
0.05020051 0.1308583 3.973766
0.05559838 0.3433897 3.95899
0.06445061 0.5461242 3.913233
-0.1122557 0.3396686 3.95813
-0.1906288 0.1211989 3.955473
-0.1732442 -0.06431148 3.831163
0.1995945 0.3071702 3.963943
0.2376246 0.07657112 3.979164
0.2323862 -0.1294825 3.897233
-0.02843765 -0.1531344 3.943405
-0.06086383 -0.4263332 3.833254
-0.06368344 -0.7597669 3.862887
0.1159579 -0.1610215 3.94638
0.09934422 -0.442241 3.947323
0.07103171 -0.771117 3.981044
23
1
0.05343024 0.1307172 3.96191
0.05671588 0.3454989 3.944902
0.07013467 0.5324127 3.877327
-0.1091657 0.3382577 3.943926
-0.1875532 0.1171922 3.956039
-0.1752987 -0.07646728 3.845505
0.204432 0.3107257 3.944888
0.2401693 0.07895508 3.965403
0.2331365 -0.1307768 3.895378
-0.02246772 -0.1540904 3.936301
-0.05872579 -0.4259211 3.814554
-0.05981898 -0.7473658 3.817216
0.119402 -0.1636062 3.938452
0.1025019 -0.4441611 3.938971
0.07275422 -0.7706788 3.98007
24
1
0.054725 0.1309896 3.950681
0.05913863 0.3453903 3.930262
0.0691596 0.5319933 3.872344
-0.1082901 0.3396674 3.928482
-0.1835139 0.101018 3.953357
-0.1808393 -0.09750226 3.852222
0.2056228 0.311584 3.930515
0.2405327 0.0797192 3.954051
0.2335728 -0.131723 3.890477
-0.02251608 -0.1534695 3.931202
-0.05491869 -0.4170407 3.785473
-0.06357696 -0.7323672 3.755476
0.1197117 -0.1628036 3.931036
0.1051278 -0.4452093 3.935674
0.07345118 -0.7695249 3.9794
25
1
0.05517153 0.1304624 3.931298
0.05972504 0.3442979 3.90221
0.06198937 0.5278802 3.836377
-0.1073164 0.3385817 3.914946
-0.1820415 0.09851979 3.951275
-0.1707114 -0.1233666 3.871096
0.2060596 0.3123913 3.898956
0.2410434 0.08211958 3.938114
0.2348647 -0.131627 3.884788
-0.02237821 -0.1534753 3.924747
-0.05217987 -0.4148277 3.767661
-0.06537189 -0.7324609 3.702723
0.1197209 -0.1623335 3.918657
0.1057414 -0.447056 3.932424
0.07600063 -0.7694956 3.971909
26
1
0.05537321 0.1279707 3.914467
0.06240782 0.3413911 3.887313
0.0614113 0.5294629 3.819056
-0.1085385 0.3346796 3.891633
-0.1801206 0.09491225 3.948202
-0.1753318 -0.1278256 3.887183
0.2076581 0.3092972 3.888884
0.237096 0.07396057 3.916415
0.2357463 -0.1384071 3.856348
-0.02573277 -0.1552835 3.906732
-0.04606173 -0.4069216 3.738529
-0.06532247 -0.7115394 3.667353
0.1161514 -0.1634258 3.902987
0.1066224 -0.4518297 3.92579
0.07673861 -0.7681382 3.971266
27
1
0.05515942 0.1245292 3.894779
0.05959366 0.3385003 3.867241
0.06024288 0.5265296 3.804482
-0.1084101 0.3336052 3.865739
-0.1770901 0.08006732 3.942253
-0.189301 -0.1367687 3.913756
0.2031405 0.3040996 3.860502
0.2402715 0.07243749 3.896343
0.2347265 -0.1386842 3.831246
-0.02262581 -0.160421 3.888028
-0.04948689 -0.4502967 3.691394
-0.0662419 -0.7332158 3.626136
0.1196278 -0.1666409 3.882999
0.1088713 -0.4524845 3.914574
0.07927412 -0.7666495 3.968136
28
1
0.05780329 0.1193685 3.867531
0.063917 0.3341549 3.839794
0.05588124 0.5210834 3.784595
-0.1078656 0.327139 3.842447
-0.1773674 0.07172082 3.931874
-0.1943287 -0.1453553 3.915624
0.202988 0.3014903 3.84429
0.2457061 0.06735514 3.859293
0.2284785 -0.1443109 3.798855
-0.02241284 -0.1659004 3.862813
-0.04668787 -0.4537806 3.679654
-0.06905663 -0.7252029 3.573024
0.1202994 -0.1734302 3.855218
0.111087 -0.4544419 3.900862
0.07924017 -0.766893 3.968009
29
1
0.05494127 0.1135189 3.845321
0.05788811 0.3250838 3.814597
0.04778368 0.5135317 3.728622
-0.1111867 0.3206197 3.823511
-0.1769395 0.06828526 3.914382
-0.1966065 -0.1478601 3.920071
0.1994993 0.2982391 3.80973
0.2481365 0.0668102 3.837477
0.2272183 -0.1395092 3.758994
-0.02226592 -0.167706 3.841161
-0.04025416 -0.417788 3.649356
-0.06723676 -0.7029398 3.566434
0.1214491 -0.1761026 3.838313
0.112784 -0.4509245 3.884942
0.08136005 -0.7699988 3.966442
30
1
0.05293719 0.1086377 3.816982
0.05679294 0.3221199 3.790442
0.04397752 0.5147083 3.717897
-0.111507 0.3158195 3.784489
-0.1782936 0.06963667 3.88665
-0.1942737 -0.1438154 3.914635
0.1949828 0.2981534 3.780416
0.2455301 0.07183819 3.80436
0.2361195 -0.132069 3.716599
-0.02559418 -0.1737592 3.812038
-0.04762845 -0.4435056 3.616124
-0.05798173 -0.7186431 3.518319
0.1194671 -0.1841486 3.801774
0.109921 -0.4536899 3.864819
0.08362009 -0.7688464 3.965534
31
1
0.04342441 0.1054127 3.783621
0.04032326 0.318527 3.754841
0.04080065 0.5065963 3.69477
-0.1174609 0.3138687 3.765119
-0.1745502 0.04887692 3.866947
-0.195712 -0.169365 3.889034
0.1945781 0.2947386 3.75686
0.2474848 0.07643346 3.767996
0.2300754 -0.1262299 3.678219
-0.02635928 -0.1766888 3.774806
-0.04584712 -0.4580652 3.596328
-0.0589502 -0.7372751 3.513395
0.1179707 -0.1863982 3.774815
0.1087891 -0.4423943 3.823745
0.08616278 -0.7685374 3.959487
32
1
0.04278645 0.1036804 3.755001
0.04035464 0.3184702 3.724843
0.03100904 0.5035871 3.669586
-0.1240197 0.3123752 3.731983
-0.1780167 0.05115258 3.843037
-0.2042736 -0.1643436 3.847643
0.1910082 0.2906187 3.714672
0.2526301 0.07458349 3.730298
0.2287185 -0.127001 3.63938
-0.02751617 -0.1799499 3.754606
-0.04288223 -0.4629529 3.581759
-0.05860215 -0.7444941 3.509366
0.1181748 -0.1901659 3.745333
0.110965 -0.4430587 3.811138
0.08208071 -0.7764301 3.952593
33
1
0.04058726 0.1071381 3.724101
0.03677855 0.3201538 3.695405
0.0229634 0.5144296 3.614685
-0.1230754 0.3112026 3.702416
-0.1839125 0.04152609 3.791607
-0.2045849 -0.1706666 3.823514
0.1884133 0.2962518 3.689729
0.2507546 0.07625231 3.705955
0.2279418 -0.1162335 3.594877
-0.02617572 -0.1738928 3.718001
-0.04897754 -0.4551868 3.540675
-0.05224882 -0.7423499 3.502147
0.1168184 -0.184592 3.714507
0.1108185 -0.4358574 3.757818
0.08352258 -0.7749556 3.935694
34
1
0.03530544 0.1088806 3.681419
0.02735955 0.3231934 3.651959
0.02164121 0.5143188 3.598477
-0.132963 0.3138437 3.668819
-0.1856456 0.04305894 3.75967
-0.2074237 -0.1729364 3.764459
0.1841769 0.2995804 3.65551
0.2477548 0.08232913 3.663823
0.2114202 -0.1216632 3.578097
-0.0257227 -0.1739453 3.680842
-0.05260838 -0.4404262 3.517768
-0.05295971 -0.7412187 3.499214
0.1162921 -0.1849735 3.668927
0.1123745 -0.4302799 3.729707
0.09290741 -0.7663838 3.913703
35
1
0.02886257 0.1142834 3.656594
0.02064023 0.3273441 3.633248
0.01499255 0.5150576 3.569458
-0.1397573 0.3175747 3.642123
-0.1853611 0.0597124 3.711166
-0.2054057 -0.1559826 3.721751
0.1772496 0.3049093 3.619148
0.2442709 0.08012524 3.644405
0.230164 -0.1064615 3.521349
-0.03105681 -0.1679153 3.641984
-0.05483144 -0.4417209 3.497795
-0.0529262 -0.7488682 3.48827
0.1109553 -0.1768398 3.639106
0.1129439 -0.4631505 3.691357
0.08573999 -0.7829502 3.89965
36
1
0.02546462 0.1230396 3.613248
0.01824035 0.3392642 3.594098
0.009641191 0.5358738 3.518719
-0.1418595 0.3241086 3.591956
-0.198491 0.05743456 3.665425
-0.2049511 -0.1597245 3.63719
0.1733147 0.3112538 3.590921
0.2351612 0.09215295 3.598781
0.2108774 -0.1145018 3.515607
-0.03489405 -0.1682096 3.60006
-0.05715015 -0.4454054 3.475619
-0.05534773 -0.7491474 3.48261
0.1045766 -0.1690273 3.588519
0.1191634 -0.4303981 3.60545
0.08284001 -0.7365906 3.831076
37
1
0.02147779 0.1297912 3.588367
0.01796183 0.3446461 3.575773
0.01110621 0.5402691 3.509372
-0.1451197 0.3275216 3.576349
-0.1983518 0.06317919 3.615453
-0.2121357 -0.1527994 3.578617
0.1701152 0.3171345 3.558294
0.2328697 0.09458913 3.584549
0.2354261 -0.09262441 3.461725
-0.04566459 -0.1574615 3.553315
-0.05643601 -0.4453538 3.471222
-0.05703746 -0.7494965 3.477028
0.09352457 -0.1609131 3.558822
0.1185676 -0.4500251 3.55072
0.07681479 -0.7382104 3.79454
38
1
0.01181835 0.1382246 3.535796
0.009670001 0.3562247 3.522887
0.01122821 0.5475323 3.478869
-0.1487167 0.3368433 3.521611
-0.2025713 0.08014082 3.564664
-0.224951 -0.1305054 3.501924
0.1685965 0.3186876 3.53132
0.2302449 0.09401128 3.550181
0.2319736 -0.1050998 3.450055
-0.05450912 -0.1534506 3.51009
-0.06059395 -0.4434364 3.45504
-0.05892183 -0.7490462 3.471212
0.08415537 -0.1582145 3.507473
0.1146981 -0.4491416 3.488209
0.09038401 -0.7374218 3.736277
39
1
0.009074873 0.1451278 3.51225
0.01061592 0.3609381 3.50389
0.00964494 0.5535864 3.451683
-0.1490781 0.3412265 3.506083
-0.203957 0.07910423 3.51388
-0.2179118 -0.1293151 3.44012
0.1644991 0.3317203 3.498451
0.2303087 0.09808619 3.528797
0.228076 -0.1032694 3.433776
-0.06438836 -0.1458226 3.473039
-0.06404278 -0.4395165 3.439289
-0.05928013 -0.7514696 3.467362
0.07447794 -0.1439772 3.477236
0.1055051 -0.4358816 3.429628
0.09556686 -0.7463028 3.652257
40
1
0.007606043 0.1519407 3.48234
0.009345698 0.3681504 3.47496
0.01256 0.5644378 3.420166
-0.1498029 0.3486335 3.464888
-0.2111411 0.09317589 3.461136
-0.2303597 -0.1055253 3.362195
0.1641465 0.332249 3.473318
0.2258834 0.09896134 3.501902
0.2303881 -0.1030967 3.408689
-0.06411971 -0.1433 3.445001
-0.06553532 -0.439182 3.435351
-0.0580663 -0.7524136 3.465941
0.0737484 -0.1367601 3.45102
0.09959035 -0.427081 3.367131
0.08505577 -0.7504631 3.56396
41
1
0.004793428 0.1584201 3.449648
0.006742015 0.3756369 3.43745
0.01279944 0.5729249 3.38814
-0.1502231 0.3515447 3.424516
-0.2200512 0.1114441 3.414247
-0.2239576 -0.08767528 3.313962
0.164466 0.3411751 3.437722
0.2238259 0.09896845 3.474638
0.2320866 -0.1096633 3.400262
-0.06849906 -0.138759 3.416781
-0.0676857 -0.4431718 3.429363
-0.05530114 -0.7540545 3.463201
0.07252998 -0.130306 3.421376
0.09497117 -0.4187646 3.310494
0.07959174 -0.733403 3.468251
42
1
0.002660803 0.16342 3.42374
0.005428144 0.3814051 3.416847
0.01570885 0.579361 3.355986
-0.1482854 0.356638 3.392604
-0.2271139 0.136441 3.367355
-0.2220725 -0.05340347 3.248672
0.1628534 0.3417437 3.412763
0.2239859 0.09922484 3.457656
0.2324855 -0.1078725 3.378437
-0.07160983 -0.1344161 3.380081
-0.06897539 -0.447885 3.404554
-0.04899523 -0.7525803 3.455953
0.06918771 -0.1283446 3.393493
0.09109396 -0.4191189 3.251887
0.09108495 -0.73904 3.366628
43
1
0.005055833 0.1612615 3.384868
0.007257585 0.3791016 3.371991
0.01737566 0.5793024 3.327309
-0.1464282 0.3604977 3.352105
-0.2297525 0.1569812 3.3275
-0.2144118 -0.02978945 3.17381
0.165648 0.3419947 3.374756
0.2228101 0.09434751 3.426068
0.2352607 -0.1181066 3.366964
-0.06855263 -0.1345587 3.353966
-0.07101938 -0.4441285 3.376204
-0.05033415 -0.7572247 3.450073
0.07213987 -0.1316703 3.357749
0.07971884 -0.4259104 3.197177
0.08834257 -0.7368461 3.245479
44
1
0.006044814 0.1580238 3.35239
0.005732529 0.3774608 3.341408
0.02493097 0.5754351 3.288845
-0.1459925 0.3577267 3.320703
-0.2360442 0.157965 3.283808
-0.2241594 -0.01309571 3.13775
0.1665223 0.3370341 3.352599
0.2230521 0.0914728 3.401048
0.2358075 -0.1230978 3.352686
-0.06327831 -0.1431695 3.308173
-0.0697803 -0.4484256 3.363289
-0.05195041 -0.7549984 3.443754
0.07637338 -0.1344178 3.332823
0.07716603 -0.4242043 3.156694
0.07967443 -0.7302152 3.130199
45
1
0.004118623 0.1533346 3.316387
0.007433672 0.3741426 3.303436
0.0299282 0.5708688 3.256086
-0.1436927 0.3425534 3.273869
-0.2465525 0.1500168 3.230235
-0.2218551 -0.007906867 3.070686
0.1662338 0.3351969 3.300858
0.2197584 0.09039664 3.366457
0.2390439 -0.1257031 3.332915
-0.06880246 -0.1470897 3.285275
-0.07067453 -0.4511318 3.350009
-0.05457987 -0.7583342 3.443473
0.06868696 -0.1428355 3.288855
0.07925597 -0.4399667 3.10728
0.07751489 -0.7209992 3.029312
46
1
0.01274026 0.1456395 3.279274
0.01440978 0.3632064 3.263239
0.03754023 0.5587384 3.206804
-0.1385976 0.3473174 3.242071
-0.2375916 0.1530809 3.195525
-0.2200574 -0.01360513 3.044685
0.1681458 0.3290122 3.272619
0.2219831 0.07499176 3.328318
0.2424408 -0.1417169 3.304419
-0.05825691 -0.1511323 3.245263
-0.06637327 -0.4633532 3.339624
-0.06667963 -0.7527575 3.439003
0.07816466 -0.1458005 3.263877
0.08325788 -0.4360684 3.093406
0.07818268 -0.6990742 2.954391
47
1
0.0138637 0.1381516 3.235388
0.01664556 0.355508 3.219915
0.03778361 0.5561448 3.180546
-0.1387506 0.3405356 3.201491
-0.2377514 0.1484184 3.143472
-0.2154847 -0.002669755 2.976674
0.1763824 0.315576 3.234412
0.2217696 0.06976997 3.287625
0.2298201 -0.1470546 3.254128
-0.05947631 -0.1574726 3.205215
-0.06049482 -0.4681314 3.305367
-0.06632397 -0.7580358 3.431401
0.07937762 -0.1528829 3.216067
0.08038946 -0.4410251 3.049471
0.08837909 -0.6916115 2.89478
48
1
0.01318601 0.1400394 3.198409
0.01778907 0.3580959 3.191167
0.05099094 0.5536882 3.123733
-0.1309002 0.3391079 3.163342
-0.2312926 0.1466937 3.110035
-0.2128073 -0.01188805 2.950259
0.1825485 0.3084522 3.19313
0.2229348 0.05815728 3.245185
0.2348213 -0.1593863 3.225184
-0.06373473 -0.1548468 3.153579
-0.06462646 -0.4577646 3.269435
-0.06254052 -0.7497491 3.419478
0.07598018 -0.1546347 3.168675
0.07595333 -0.4441432 3.007303
0.08145873 -0.7013124 2.864539
49
1
0.0187678 0.1365592 3.151909
0.02403534 0.3561746 3.137878
0.05537884 0.5503941 3.09845
-0.1253563 0.3315515 3.113355
-0.2325815 0.1405498 3.075177
-0.20416 -0.006291133 2.905353
0.1868934 0.3028012 3.145537
0.223396 0.0549195 3.199502
0.2336699 -0.1628617 3.185258
-0.05868706 -0.1598545 3.123689
-0.07213875 -0.460755 3.24258
-0.05933057 -0.7581926 3.410583
0.08014886 -0.1584039 3.134279
0.07677215 -0.4650978 2.956782
0.07636645 -0.7295591 2.825311
50
1
0.02197049 0.1371079 3.113079
0.02896586 0.3570959 3.098289
0.06569681 0.5536895 3.044533
-0.123944 0.3325253 3.085756
-0.2279842 0.1388662 3.057399
-0.201706 -0.015558 2.894458
0.1906922 0.3027637 3.113331
0.2249119 0.04952613 3.151309
0.2405648 -0.1674833 3.125419
-0.05710183 -0.1617145 3.074526
-0.08164281 -0.4653268 3.181468
-0.05626233 -0.7728896 3.383794
0.08184828 -0.1581319 3.092479
0.07573762 -0.4575275 2.931023
0.07283538 -0.7333568 2.819005
51
1
0.02730271 0.1381235 3.070069
0.0339986 0.3565132 3.061258
0.07177863 0.5545235 3.011905
-0.1185782 0.3386528 3.035204
-0.2138513 0.140073 3.013692
-0.2004999 -0.03684993 2.875313
0.1982451 0.3043236 3.058638
0.2346073 0.05173709 3.09978
0.2375 -0.1654524 3.068113
-0.0518673 -0.1563129 3.029689
-0.07900339 -0.4587773 3.117009
-0.05688646 -0.7629674 3.346637
0.08688218 -0.1571375 3.047667
0.07903735 -0.4379935 2.884553
0.06723814 -0.7356459 2.805387
52
1
0.03197248 0.1396504 3.020117
0.04157443 0.3555727 3.011516
0.07612836 0.5596879 2.978175
-0.1130095 0.3414841 3.00409
-0.2002533 0.1351917 2.987923
-0.1935653 -0.0421591 2.849645
0.2015842 0.3087147 3.02456
0.2350225 0.05789111 3.048994
0.2370045 -0.1583757 3.008532
-0.05089184 -0.1504185 2.978338
-0.08009596 -0.4663913 3.063659
-0.05341338 -0.7593828 3.311876
0.08809365 -0.1538416 2.993387
0.07992429 -0.4401563 2.859718
0.06647334 -0.7423449 2.787497
53
1
0.03454798 0.1480261 2.983603
0.04396868 0.363828 2.983092
0.07951789 0.5683389 2.934752
-0.1113178 0.3434729 2.97323
-0.1943259 0.1362578 2.965798
-0.1943172 -0.04944869 2.839717
0.2040151 0.317081 2.981366
0.236381 0.06996785 3.003536
0.2428272 -0.1471605 2.953054
-0.04910716 -0.1425301 2.934436
-0.08092522 -0.4405308 2.964653
-0.05614346 -0.7137802 3.228219
0.09168182 -0.1461536 2.941516
0.08720581 -0.4369592 2.835714
0.06646356 -0.7431982 2.784912
54
1
0.03945491 0.1531747 2.941251
0.04921968 0.3686762 2.94473
0.08080046 0.5747911 2.897507
-0.1095829 0.3528403 2.930872
-0.1862424 0.1223791 2.930904
-0.1899957 -0.07720292 2.830892
0.2091877 0.3220742 2.942238
0.241168 0.07758887 2.949365
0.2525924 -0.1422332 2.887615
-0.04432503 -0.1336287 2.886765
-0.08462291 -0.4201366 2.882639
-0.05950568 -0.7053229 3.134075
0.0955346 -0.1432842 2.895142
0.08838455 -0.434298 2.8183
0.06508616 -0.7444586 2.778
55
1
0.03959531 0.165273 2.902982
0.04649698 0.384419 2.905331
0.08274569 0.5858006 2.856081
-0.1062878 0.3611923 2.890925
-0.1821127 0.1162552 2.908929
-0.1905259 -0.08846923 2.82181
0.2078353 0.3319349 2.905899
0.2412184 0.09002439 2.898575
0.2395325 -0.1355525 2.821215
-0.0395991 -0.1240966 2.847088
-0.07826367 -0.4170752 2.814265
-0.06515267 -0.7089268 3.059264
0.09866975 -0.1378877 2.859636
0.08758979 -0.4354225 2.805154
0.06553014 -0.7474704 2.774558
56
1
0.04340401 0.1698708 2.872002
0.0484318 0.3875279 2.873281
0.07891849 0.5885172 2.837736
-0.1081515 0.3662183 2.872648
-0.1798459 0.1181514 2.883269
-0.1906797 -0.09120427 2.810249
0.2080194 0.337162 2.869103
0.2433717 0.09949936 2.847783
0.2529446 -0.1073002 2.766733
-0.03467349 -0.1194135 2.823285
-0.07388255 -0.4110105 2.75762
-0.05804309 -0.7182523 2.983661
0.1064063 -0.1304766 2.825617
0.08895859 -0.4348269 2.791448
0.06516432 -0.7466846 2.7736
57
1
0.04382204 0.1787545 2.84217
0.0484088 0.3976857 2.843898
0.07501174 0.6037768 2.798419
-0.1109294 0.3745793 2.832009
-0.1784262 0.1157197 2.863197
-0.1909681 -0.09388684 2.791352
0.2072132 0.3454104 2.831236
0.2455253 0.116334 2.798939
0.2503957 -0.0862307 2.705805
-0.03303077 -0.112265 2.794207
-0.06695486 -0.4017291 2.697076
-0.05099311 -0.7422571 2.874146
0.1068876 -0.1238016 2.793927
0.09319944 -0.433147 2.780786
0.06511684 -0.7454647 2.772737
58
1
0.04487924 0.1805982 2.806235
0.05126362 0.3996502 2.799006
0.07145038 0.6056144 2.764938
-0.1109646 0.3754336 2.804353
-0.1819722 0.1176299 2.83853
-0.1951632 -0.09560791 2.781051
0.2078999 0.3464382 2.795436
0.2470795 0.1293591 2.766013
0.2534509 -0.05860027 2.643658
-0.0337689 -0.1102097 2.769116
-0.06294174 -0.4026283 2.638458
-0.05956959 -0.73016 2.790131
0.1060176 -0.1226855 2.767923
0.09825408 -0.4309431 2.758384
0.06414491 -0.7470525 2.771437
59
1
0.04413066 0.183113 2.780873
0.05010278 0.4019655 2.780563
0.06686784 0.6094327 2.736042
-0.1160325 0.3730701 2.770648
-0.1826061 0.1195606 2.818312
-0.1990803 -0.09425618 2.764657
0.2070763 0.3486353 2.757307
0.2555662 0.1349681 2.71211
0.251958 -0.04938602 2.583672
-0.03467111 -0.108424 2.734882
-0.05839515 -0.4015249 2.58766
-0.07994341 -0.7127514 2.668985
0.1061836 -0.1194787 2.73474
0.1015673 -0.4333416 2.745996
0.06215077 -0.7474398 2.768633
60
1
0.04307845 0.1809943 2.733542
0.04280107 0.401839 2.731542
0.06438603 0.6081923 2.688179
-0.1114033 0.3702714 2.731221
-0.1843973 0.1100912 2.783779
-0.2055761 -0.1061634 2.748964
0.2060572 0.3489439 2.727309
0.2558686 0.1353335 2.683664
0.2478399 -0.02682651 2.5266
-0.03008988 -0.116239 2.686309
-0.05427849 -0.4332331 2.538716
-0.08542824 -0.7264802 2.555548
0.1147573 -0.1210515 2.69296
0.1039657 -0.4387888 2.727743
0.0618369 -0.7490836 2.764557
61
1
0.04370778 0.176076 2.708266
0.04416676 0.3955905 2.704115
0.06138045 0.6021581 2.661162
-0.1174022 0.3686097 2.704587
-0.1866569 0.1061398 2.749174
-0.2077097 -0.1109499 2.723943
0.2030915 0.3473995 2.6777
0.2576003 0.1336883 2.646311
0.2450403 -0.0213408 2.482072
-0.02902201 -0.1185253 2.669157
-0.05335932 -0.4328912 2.493298
-0.07988138 -0.7187508 2.447912
0.1133969 -0.1252013 2.666348
0.1048436 -0.4454637 2.709999
0.06280008 -0.7494913 2.760738
62
1
0.04092855 0.1677634 2.665957
0.04174797 0.3880583 2.66648
0.05337702 0.5957276 2.613512
-0.1230582 0.3610465 2.660373
-0.1896326 0.1000422 2.719459
-0.2100992 -0.1174647 2.702967
0.2000146 0.3405113 2.651775
0.2526216 0.1270562 2.611873
0.2421545 -0.01093937 2.432251
-0.03272984 -0.1272786 2.618896
-0.05690302 -0.4477097 2.457842
-0.08130477 -0.7158616 2.340737
0.1109857 -0.134506 2.620588
0.100565 -0.455838 2.69096
0.06460708 -0.7521434 2.756179
63
1
0.03485903 0.1654502 2.636676
0.03570603 0.3866971 2.626059
0.04718199 0.5925344 2.578125
-0.1271438 0.3579784 2.631878
-0.1922419 0.09513129 2.66813
-0.2153922 -0.1221447 2.65878
0.1913665 0.3393766 2.601389
0.249552 0.126324 2.573904
0.2406148 -0.02283612 2.403791
-0.03740995 -0.1300816 2.604117
-0.06095184 -0.4375354 2.426559
-0.09106498 -0.7374436 2.227947
0.1041509 -0.137955 2.599363
0.09708013 -0.4590644 2.673301
0.06314192 -0.7556123 2.748284
64
1
0.03042914 0.1570047 2.587186
0.02933002 0.378728 2.581251
0.03885433 0.5849382 2.532028
-0.1334606 0.3464243 2.577995
-0.1937101 0.08355325 2.635739
-0.2160874 -0.1337698 2.620169
0.1880517 0.3349119 2.57039
0.2481071 0.1232905 2.531085
0.2357409 -0.02387423 2.359343
-0.03951446 -0.1398215 2.551662
-0.05737716 -0.4353875 2.402526
-0.05948701 -0.678012 2.233638
0.1030255 -0.1461349 2.553585
0.09330178 -0.4639132 2.638753
0.06025177 -0.7540604 2.739125
65
1
0.02920973 0.1550705 2.553162
0.02245266 0.3765345 2.548388
0.03235786 0.5835615 2.494021
-0.138019 0.3461154 2.547141
-0.1959367 0.07968419 2.590043
-0.2086351 -0.1381183 2.565049
0.183382 0.3317791 2.52562
0.2470952 0.1199925 2.508492
0.2325137 -0.03220747 2.341596
-0.03265098 -0.1432655 2.508027
-0.05491726 -0.4323645 2.351106
-0.05519252 -0.6910943 2.209976
0.1100698 -0.1475305 2.510849
0.09475381 -0.4589366 2.610204
0.05999881 -0.7545429 2.728213
66
1
0.02516083 0.1513784 2.505148
0.01436863 0.3729309 2.498509
0.02234166 0.5824185 2.45991
-0.1461444 0.3404218 2.495928
-0.203447 0.08358707 2.541566
-0.2146316 -0.1339094 2.510497
0.1743358 0.3302993 2.493271
0.2377843 0.1185236 2.467687
0.229909 -0.04835074 2.315803
-0.0325755 -0.1456175 2.469513
-0.05612376 -0.4392728 2.300265
-0.05033524 -0.7128519 2.194464
0.1105525 -0.1518307 2.47387
0.0959856 -0.4640218 2.571492
0.06239219 -0.7467183 2.717829
67
1
0.01820523 0.154198 2.472377
0.01015666 0.37657 2.467467
0.01440211 0.583424 2.410429
-0.1510871 0.3450988 2.458403
-0.2082759 0.07571982 2.488414
-0.2152872 -0.1420133 2.457695
0.1667925 0.3317361 2.449957
0.2323067 0.1204923 2.441037
0.2285705 -0.05862587 2.304607
-0.04418654 -0.1438281 2.427917
-0.05365258 -0.4625666 2.260227
-0.04973359 -0.7417846 2.173113
0.09908476 -0.1510373 2.431981
0.09651814 -0.4635932 2.529445
0.04618488 -0.690715 2.686324
68
1
0.01266633 0.1572365 2.427341
0.001816098 0.3801294 2.424403
0.007857515 0.5897608 2.37864
-0.1582354 0.3424275 2.407974
-0.2133204 0.07464632 2.440459
-0.22167 -0.1418018 2.398576
0.1622992 0.3361283 2.423222
0.2255553 0.117988 2.415901
0.2268899 -0.06477053 2.284712
-0.0444238 -0.1424116 2.384768
-0.05886216 -0.4478127 2.23347
-0.0494073 -0.731096 2.16382
0.0987277 -0.1485654 2.390237
0.1007995 -0.4682456 2.471134
0.05756623 -0.7532054 2.669598
69
1
0.008939874 0.1637627 2.389523
-0.001870082 0.385059 2.392657
0.003759393 0.5926266 2.343561
-0.1629735 0.3485969 2.384751
-0.2178116 0.0968258 2.390724
-0.2227791 -0.1184277 2.339811
0.1602082 0.3418438 2.395629
0.2177301 0.1142701 2.384579
0.2291251 -0.07984518 2.273125
-0.04679119 -0.1349631 2.333828
-0.06115098 -0.4372623 2.209758
-0.05059087 -0.7236099 2.158181
0.09338721 -0.1379231 2.34081
0.1045117 -0.4647803 2.401846
0.05372855 -0.7416619 2.62966
70
1
0.003097101 0.1713217 2.346072
-0.008608065 0.3927159 2.352131
-7.642285E-06 0.6009692 2.310542
-0.1668275 0.35763 2.335626
-0.2220472 0.103723 2.342388
-0.2196032 -0.1146118 2.270405
0.155366 0.3504365 2.361675
0.2141467 0.1139526 2.369521
0.2269959 -0.0831074 2.264059
-0.05115969 -0.1294814 2.289648
-0.06380726 -0.4330924 2.192631
-0.05090492 -0.7207233 2.152935
0.08929098 -0.1307529 2.297464
0.1156054 -0.4280389 2.306128
0.06894267 -0.7099857 2.558074
71
1
0.00182014 0.1780179 2.316541
-0.008987032 0.3983165 2.325436
-0.002057549 0.6095591 2.277005
-0.1686617 0.3624351 2.307594
-0.2236498 0.1172178 2.29303
-0.2266628 -0.08972003 2.209985
0.154009 0.3534916 2.335853
0.2121523 0.1161359 2.346896
0.227932 -0.0872659 2.256279
-0.05383784 -0.1221375 2.251583
-0.06459109 -0.4255584 2.174295
-0.05149493 -0.7141307 2.147725
0.0860659 -0.1208879 2.262846
0.1113874 -0.4039119 2.229993
0.06971347 -0.6863957 2.482318
72
1
-0.001719865 0.1860642 2.275298
-0.01307574 0.4067174 2.283959
-0.0006131068 0.6129999 2.24756
-0.1680795 0.3686501 2.257388
-0.2278189 0.1276133 2.242224
-0.2294012 -0.07394444 2.145123
0.1544014 0.3600018 2.307286
0.2122732 0.1161438 2.325955
0.231015 -0.09154034 2.247889
-0.05663367 -0.1174337 2.211924
-0.06899796 -0.420453 2.15907
-0.05206012 -0.7091557 2.145638
0.08391162 -0.112225 2.225662
0.1079591 -0.3919207 2.171405
0.08178305 -0.6963096 2.400816
73
1
-0.001926369 0.1904093 2.256076
-0.01288761 0.4105818 2.26458
-0.0009406122 0.6222301 2.217112
-0.1671799 0.3740151 2.23472
-0.2288911 0.1384679 2.210042
-0.2243032 -0.05277478 2.092142
0.1524497 0.3681845 2.27998
0.2116074 0.1184991 2.314991
0.2328986 -0.09067009 2.242454
-0.05713081 -0.1138322 2.191612
-0.07474369 -0.4131413 2.142628
-0.05265123 -0.7010896 2.145099
0.0828172 -0.1054749 2.205058
0.1034925 -0.4110465 2.150842
0.07183491 -0.7332116 2.348258
74
1
-0.008776912 0.195472 2.215566
-0.01652216 0.4155047 2.224204
0.0001515092 0.6270201 2.193047
-0.1688738 0.3783386 2.199421
-0.2350402 0.1597333 2.166667
-0.2252051 -0.02563374 2.039111
0.151519 0.3703101 2.250723
0.2101759 0.1231163 2.294352
0.2353335 -0.08790292 2.229999
-0.06829037 -0.1077248 2.143174
-0.07919932 -0.4177755 2.131421
-0.05163202 -0.7043811 2.144938
0.07192013 -0.1016823 2.171962
0.09685325 -0.4373374 2.102814
0.06754092 -0.7237413 2.248555
75
1
-0.01355463 0.1971382 2.18696
-0.01655968 0.4171235 2.197968
0.003047607 0.6308475 2.157949
-0.1682512 0.3799692 2.164526
-0.240791 0.1702216 2.135919
-0.2222159 -0.003220686 1.992354
0.1491022 0.374975 2.221014
0.2090384 0.1259815 2.272935
0.2358954 -0.08793835 2.222678
-0.07771744 -0.1063375 2.117543
-0.08057331 -0.4281127 2.116679
-0.04891193 -0.712532 2.144113
0.05699311 -0.1000178 2.13231
0.09448557 -0.4234052 2.03934
0.07117451 -0.7117451 2.164499
76
1
-0.01707019 0.1981164 2.157167
-0.01753802 0.4191269 2.169202
0.003555357 0.6318672 2.131884
-0.1643554 0.3815788 2.138034
-0.2447341 0.1750941 2.103995
-0.2257268 0.02352626 1.936409
0.1506119 0.3754515 2.197879
0.2092817 0.1259554 2.2433
0.2362954 -0.08986438 2.205361
-0.08570691 -0.1062045 2.08443
-0.08280625 -0.4348347 2.100269
-0.0454864 -0.7181686 2.130175
0.05287221 -0.1013137 2.106379
0.08767577 -0.4289426 1.977736
0.08530957 -0.7127537 2.058846
77
1
-0.0164717 0.1962616 2.129115
-0.01618837 0.4171053 2.141963
0.004390032 0.6291026 2.095035
-0.1639691 0.380578 2.107587
-0.2493739 0.1761171 2.073335
-0.2266886 0.03884409 1.89378
0.1520299 0.3729076 2.165502
0.2093644 0.124889 2.217062
0.2350122 -0.08994845 2.170839
-0.08642481 -0.1058008 2.056465
-0.0845578 -0.4358557 2.081378
-0.04958097 -0.7240834 2.11935
0.05320893 -0.1053107 2.07455
0.08285258 -0.4324394 1.928789
0.09498136 -0.7176037 1.960538
78
1
-0.01755511 0.1943285 2.09908
-0.01599873 0.4164602 2.11165
0.006558725 0.6279367 2.064778
-0.1637403 0.3795162 2.078873
-0.2500585 0.1753322 2.045069
-0.2255367 0.04794148 1.858335
0.1528691 0.3729301 2.131869
0.2105556 0.1254994 2.183052
0.232996 -0.09069027 2.143129
-0.08931103 -0.1076403 2.027858
-0.08694864 -0.4429225 2.064239
-0.04829415 -0.7221779 2.113982
0.05075448 -0.1108416 2.044447
0.07869978 -0.4328546 1.883764
0.09562653 -0.7215011 1.862076
79
1
-0.01647168 0.1898336 2.068088
-0.01250859 0.4122823 2.074914
0.007090061 0.6266345 2.033607
-0.163029 0.3771001 2.05484
-0.2499015 0.1728956 2.023581
-0.225615 0.05080295 1.833186
0.1561123 0.3700549 2.104619
0.2129168 0.1214208 2.1531
0.2401509 -0.09343752 2.107877
-0.09094523 -0.1132927 2.006678
-0.08443861 -0.4485568 2.042676
-0.0394235 -0.7199896 2.116849
0.04921202 -0.1145697 2.016598
0.07963652 -0.4321375 1.845312
0.09908172 -0.7105666 1.755368
80
1
-0.01521324 0.1863611 2.041282
-0.01036928 0.4096251 2.051253
0.008022593 0.6223628 1.996244
-0.161055 0.3726265 2.024249
-0.2503569 0.1691857 1.99687
-0.2243278 0.04582398 1.807543
0.1601969 0.3649834 2.054128
0.2180452 0.1117781 2.110165
0.2399464 -0.1006945 2.04949
-0.09202706 -0.1186342 1.977812
-0.08480822 -0.4486772 2.032537
-0.03473145 -0.7192357 2.106742
0.04911185 -0.1187187 1.986006
0.07925179 -0.4314555 1.803654
0.09445345 -0.6990376 1.681075
81
1
-0.01239386 0.1799456 2.008877
-0.006650864 0.4031432 2.011009
0.007047028 0.616091 1.962126
-0.1608956 0.3688813 1.99996
-0.2460669 0.1632975 1.981835
-0.2246754 0.03824846 1.793072
0.1618752 0.358826 2.025902
0.2217941 0.1158589 2.060695
0.2416155 -0.0957211 1.995176
-0.08970918 -0.1263383 1.954773
-0.08703701 -0.4546461 2.014674
-0.03772941 -0.7192926 2.105334
0.05039718 -0.1233559 1.961598
0.08188871 -0.4337008 1.77448
0.09171536 -0.6877062 1.62302
82
1
-0.008796023 0.1758294 1.977637
-0.00237013 0.4002295 1.979688
0.004089798 0.6151015 1.928181
-0.1604208 0.3642391 1.972593
-0.2398837 0.1565058 1.965727
-0.2252809 0.02787226 1.778822
0.1661752 0.356608 1.977757
0.2271147 0.1183407 2.010736
0.2401087 -0.09162435 1.937123
-0.08780016 -0.1329967 1.929588
-0.08795818 -0.4581182 1.998491
-0.04003424 -0.7176209 2.101675
0.05326177 -0.1278123 1.928464
0.08385535 -0.4377704 1.740283
0.09074309 -0.698147 1.600772
83
1
-0.007649833 0.1735146 1.938835
0.002446316 0.3973103 1.937764
0.0003316622 0.6139191 1.893519
-0.1590297 0.363632 1.953491
-0.232769 0.153859 1.949988
-0.221446 0.01257526 1.772553
0.1676709 0.3524624 1.93201
0.2319488 0.1156636 1.956027
0.2418488 -0.09244388 1.875789
-0.09187362 -0.1353011 1.898518
-0.08904599 -0.4576238 1.975
-0.04093853 -0.7092895 2.093958
0.05062929 -0.1293374 1.886606
0.08230931 -0.4389314 1.697606
0.08614408 -0.7103819 1.583472
84
1
-0.005541 0.1729971 1.909797
0.005186586 0.3970665 1.907205
-0.006208605 0.611475 1.85054
-0.1594934 0.3622853 1.93133
-0.2233269 0.1499135 1.936944
-0.2199264 -0.003243438 1.769742
0.1664728 0.3545393 1.880163
0.2336977 0.1213263 1.895451
0.2355991 -0.08459267 1.807955
-0.09073722 -0.136208 1.87455
-0.0865047 -0.4587103 1.950585
-0.03188663 -0.7053863 2.076182
0.05128399 -0.1302318 1.85983
0.0802111 -0.4407468 1.673767
0.08217636 -0.7160656 1.570543
85
1
-0.004705785 0.1730383 1.876076
0.008022426 0.3985838 1.86904
-0.01204432 0.6103127 1.827381
-0.1557814 0.3624102 1.909783
-0.2122895 0.1488749 1.923637
-0.2149766 -0.02650016 1.781175
0.1630908 0.3547829 1.834195
0.2367063 0.1237668 1.832918
0.2304868 -0.08204502 1.744909
-0.09167492 -0.1390939 1.849106
-0.08410344 -0.4640638 1.918285
-0.03756425 -0.7037313 2.057971
0.04888019 -0.1308714 1.826559
0.08005485 -0.4427494 1.641705
0.07985432 -0.7241571 1.559798
86
1
-0.004552488 0.1760554 1.847853
0.00899423 0.4020438 1.836619
-0.02196391 0.6131086 1.794304
-0.1525447 0.3631114 1.891953
-0.198753 0.1375221 1.910234
-0.2122844 -0.04766233 1.78249
0.1575387 0.3570711 1.784349
0.2319966 0.1315021 1.775278
0.2203016 -0.07352369 1.685373
-0.09166135 -0.1368921 1.831052
-0.08127414 -0.462493 1.870994
-0.03233377 -0.7463371 2.047877
0.04674272 -0.1290707 1.800692
0.08340596 -0.4371434 1.621637
0.07577224 -0.721649 1.554265
87
1
-0.007563968 0.1797035 1.821733
0.007821482 0.4064506 1.806457
-0.0341958 0.6106645 1.76904
-0.1500102 0.3652468 1.881329
-0.1928665 0.1323811 1.907456
-0.1984348 -0.06612585 1.80274
0.1500997 0.3588788 1.744988
0.2255413 0.1370693 1.719597
0.2023439 -0.06645663 1.62786
-0.09445412 -0.1332836 1.813696
-0.03623569 -0.4582546 1.78792
-0.02737986 -0.7471925 2.0278
0.03880429 -0.1278651 1.775351
0.0845559 -0.4365841 1.609697
0.0736394 -0.7223545 1.550146
88
1
-0.0111947 0.184305 1.801536
0.005579358 0.411221 1.781247
-0.04813637 0.6138819 1.744056
-0.1463079 0.3707787 1.870372
-0.184251 0.1296068 1.905721
-0.1865492 -0.08172678 1.812572
0.1394706 0.3650085 1.708296
0.2174731 0.1487646 1.660976
0.1745752 -0.05857377 1.578983
-0.09700427 -0.128282 1.804013
-0.04141553 -0.4465544 1.765545
-0.02748088 -0.7422857 2.005278
0.03063248 -0.1251067 1.756324
0.08352968 -0.4336877 1.594719
0.0721018 -0.7210658 1.546808
89
1
-0.01837783 0.1903203 1.785107
-0.0009940221 0.4178586 1.757855
-0.06026172 0.6171189 1.730919
-0.131454 0.3846124 1.841843
-0.1650815 0.1452859 1.910952
-0.1739199 -0.06934864 1.832302
0.1236535 0.3684758 1.671279
0.2039054 0.1432579 1.607284
0.1425097 -0.06068929 1.53803
-0.1020524 -0.1226799 1.80086
-0.03143393 -0.4299983 1.723137
-0.04423236 -0.6398267 1.906235
0.01970639 -0.1207438 1.73997
0.07981006 -0.4323206 1.585274
0.07015957 -0.7203885 1.543203
90
1
-0.02004348 0.1955658 1.767506
-0.006493247 0.425513 1.739106
-0.07523604 0.6199424 1.722544
-0.1230953 0.3876445 1.827015
-0.1541534 0.1493781 1.917048
-0.1627292 -0.0666407 1.844518
0.1070309 0.3737151 1.639427
0.1809433 0.1497246 1.560433
0.1038139 -0.05353025 1.509156
-0.09846622 -0.1196451 1.793328
-0.03415229 -0.4193494 1.71122
-0.045789 -0.6374086 1.885392
0.02069512 -0.1198447 1.71998
0.07228652 -0.4298887 1.577066
0.07015746 -0.7186685 1.541715
91
1
-0.01850173 0.2006676 1.752216
-0.01170379 0.4329591 1.724949
-0.09011187 0.6243891 1.717938
-0.1248499 0.3939619 1.813986
-0.1350225 0.1365582 1.91578
-0.1266692 -0.08087885 1.873006
0.09078291 0.3751275 1.616084
0.1566985 0.1542287 1.534018
0.07327075 -0.04697066 1.484599
-0.07997404 -0.1166509 1.77274
-0.04033967 -0.4111058 1.707
-0.04533945 -0.6411581 1.866849
0.02987988 -0.118049 1.701781
0.06271766 -0.4347565 1.567531
0.07052669 -0.7237754 1.539127
92
1
-0.01831336 0.2059562 1.736834
-0.02040216 0.4412355 1.71394
-0.1052922 0.6319043 1.719303
-0.1342825 0.4029638 1.803617
-0.1361402 0.1373566 1.914277
-0.1343258 -0.07987685 1.869251
0.07167326 0.3815465 1.592381
0.1192989 0.1528912 1.502463
0.02949102 -0.04827591 1.471346
-0.06237349 -0.119215 1.745106
-0.04804859 -0.3981459 1.702757
0.1510026 -0.7050542 1.83051
0.04213263 -0.1144048 1.679746
0.05586706 -0.4397729 1.5615
0.06912373 -0.7286823 1.53679
93
1
-0.02012348 0.2065623 1.728483
-0.02634773 0.4460761 1.708011
-0.1184304 0.6333528 1.724846
-0.1410381 0.4092736 1.798242
-0.1405697 0.1410802 1.91064
-0.1434983 -0.07608765 1.865023
0.05773831 0.3835911 1.576844
0.08887405 0.1639021 1.487326
-0.004564743 -0.03661393 1.471689
-0.05794812 -0.1293962 1.730166
-0.04911591 -0.3977134 1.701076
0.1470483 -0.7227583 1.78733
0.04202067 -0.1170819 1.673346
0.04841023 -0.4449029 1.558313
0.0661694 -0.7334939 1.532805
94
1
-0.02403936 0.2062937 1.727918
-0.03395635 0.4516951 1.706332
-0.1313709 0.6400284 1.736994
-0.1493637 0.417455 1.796068
-0.1483538 0.1484164 1.908631
-0.1531983 -0.06889865 1.863946
0.04374656 0.3868552 1.563611
0.04474705 0.1473648 1.478891
-0.0563061 -0.04843794 1.483862
-0.05953208 -0.134434 1.730846
-0.0970051 -0.4123344 1.765643
0.135831 -0.7297632 1.746071
0.02971974 -0.1305466 1.680961
0.03992362 -0.4512306 1.555917
0.06678255 -0.7390483 1.530135
95
1
-0.03060296 0.2091242 1.721818
-0.0409724 0.4604225 1.705118
-0.1412013 0.6483687 1.746445
-0.1562933 0.4280914 1.796798
-0.1552526 0.1587989 1.909395
-0.1604124 -0.05868179 1.865495
0.02780766 0.3927607 1.554383
-0.001025834 0.127552 1.481562
-0.09594502 -0.07050952 1.503872
-0.06325046 -0.1417724 1.721407
-0.08592463 -0.4655347 1.743812
0.1430898 -0.7850878 1.735873
0.02006649 -0.1315253 1.656871
0.03362875 -0.456324 1.55438
0.06910931 -0.7431012 1.526915
96
1
-0.03908492 0.2262703 1.709676
-0.04511962 0.4699297 1.706607
-0.1454698 0.654933 1.757011
-0.1594335 0.4360438 1.801373
0.08915386 0.2646632 1.784294
0.1881675 0.0506703 1.751849
0.01544971 0.394335 1.552967
-0.02527289 0.1303373 1.487039
-0.1195704 -0.07047249 1.527261
-0.06964121 -0.1103316 1.707746
-0.08154741 -0.4490936 1.730801
0.1474805 -0.7687999 1.722838
0.004652448 -0.1051948 1.594917
0.02901063 -0.4508371 1.553382
0.07064001 -0.7367755 1.524137
97
1
-0.04214752 0.2343212 1.709624
-0.04813532 0.4802838 1.714293
-0.1223937 0.6821187 1.790122
-0.1617509 0.4463205 1.813531
0.08484619 0.2721366 1.791821
0.1881272 0.05343452 1.757308
0.002914571 0.3982092 1.558907
-0.05307334 0.1550682 1.497519
-0.1450693 -0.03494759 1.548554
-0.07202945 -0.1015751 1.703519
-0.08318125 -0.4406556 1.726393
0.1458785 -0.7604439 1.718431
0.001921379 -0.1004719 1.595095
0.02261044 -0.4464931 1.553334
0.07342734 -0.7308596 1.521242
98
1
-0.04709632 0.250679 1.707639
-0.04895171 0.48972 1.722664
-0.1233419 0.6904619 1.79664
-0.1610802 0.4540641 1.825968
0.08516251 0.2794263 1.804435
0.189639 0.05958891 1.769981
-0.004609788 0.4014973 1.56976
-0.07317971 0.156344 1.508381
-0.1695561 -0.0347673 1.580955
-0.0863072 -0.0601649 1.676329
-0.1053765 -0.4030275 1.6827
0.1240123 -0.7232225 1.674756
-0.01179467 -0.0741854 1.580746
0.01297291 -0.4203852 1.552648
0.07321008 -0.7031063 1.518852
99
1
-0.04818509 0.2592246 1.714431
-0.04534145 0.4984992 1.736028
-0.1163507 0.6989381 1.810155
-0.1554327 0.4614543 1.840877
0.09313802 0.2940898 1.789787
0.1989578 0.07714835 1.74209
-0.01186233 0.4061895 1.58783
-0.0890855 0.1685638 1.523018
-0.1822505 -0.02538071 1.600181
-0.0876718 -0.058146 1.68021
0.05320382 -0.3423939 1.777942
0.130483 -0.7078735 1.57128
-0.01783893 -0.06764238 1.590268
0.006222381 -0.4142953 1.555897
0.07358303 -0.6952895 1.51917
100
1
-0.04632067 0.2619895 1.721703
-0.03940879 0.4999109 1.748426
-0.09262824 0.7085369 1.822844
-0.147911 0.4620199 1.854965
0.06708363 0.2617263 1.770768
0.1586577 0.02964921 1.707943
-0.01028469 0.4084528 1.611118
-0.1041783 0.1752811 1.540012
-0.1919879 -0.02361179 1.624374
-0.08797285 -0.05713943 1.679973
0.05235025 -0.3437479 1.773633
0.1300846 -0.7107196 1.566821
-0.01961533 -0.06716287 1.610712
-0.0009593992 -0.4141834 1.562568
0.0762632 -0.6921978 1.520385
101
1
-0.04299063 0.2645416 1.744835
-0.03564147 0.5007611 1.766151
-0.08265085 0.7132615 1.827057
-0.1443316 0.4624892 1.870517
-0.1623187 0.2056662 1.700405
-0.1774029 -0.05227382 1.671772
0.008748241 0.4132383 1.659
-0.1201084 0.1756551 1.559245
-0.2155916 0.007149884 1.650468
-0.08914355 -0.05845069 1.707211
0.01638945 -0.3877186 1.702266
-0.02106416 -0.6172133 1.516671
-0.01576608 -0.06319011 1.630627
-0.01288705 -0.4104318 1.572951
0.07926233 -0.6828647 1.521233
102
1
-0.03636982 0.257173 1.765214
-0.02685099 0.4933276 1.784967
-0.06492954 0.7086451 1.841777
-0.1349056 0.4551091 1.888714
-0.15537 0.2190391 1.690147
-0.1845135 -0.03916253 1.669096
0.0397928 0.4021985 1.697032
-0.1261962 0.1760223 1.571139
-0.2240559 0.01007755 1.66406
-0.0894503 -0.06526829 1.726633
0.01716176 -0.3945942 1.715759
-0.04277606 -0.6749389 1.53046
-0.005940586 -0.07303987 1.662245
-0.03190961 -0.4177835 1.587849
0.08406743 -0.6785667 1.521431
103
1
-0.00846453 0.2428502 1.804069
-0.01137076 0.4884347 1.81071
-0.04233186 0.708654 1.849806
-0.1227161 0.4526284 1.910715
-0.1585238 0.1986616 1.739385
-0.2033217 -0.07691465 1.715673
0.05002867 0.4000134 1.713604
-0.1293484 0.1802174 1.596
-0.2307771 0.01332159 1.683949